D1 150
11
4
2
1
3
2
2
2
4
1
1
1
1
2
1
2
2
2
4
2
2
1
2
3
2
3
1
2
1
2
1
2
2
2
2
3
1
1
1
2
1
2
4
2
1
2
1
2
4
1
1
2
1
4
2
1
3
1
2
2
2
5
2
2
2
2
1
2
1
1
4
1
2
2
2
1
2
2
2
2
1
1
2
1
2
5
1
2
1
2
1
1
2
2
2
2
3
2
2
2
1
1
1
2
2
2
1
2
2
2
1
2
1
1
2
5
3
1
2
3
2
2
1
2
1
1
4
3
2
2
2
2
2
2
1
2
1
2
2
1
2
2
2
1
1
2
2
2
2
4
2
3
2
2
3
2
2
2
2
2
1
2
2
2
2
1
2
2
1
2
1
1
2
2
2
2
1
1
2
2
1
2
1
2
2
2
2
2
2
1
2
2
2
3
2
2
2
1
2
2
3
2
1
2
2
2
2
1
3
2
3
2
2
1
1
2
2
2
2
1
3
1
2
2
3
2
2
2
3
2
2
3
2
1
2
2
2
2
1
2
3
2
1
4
2
1
3
2
1
2
1
2
1
1
2
3
2
2
1
2
2
2
2
2
4
2
2
2
2
2
2
1
2
2
2
2
2
2
1
1
1
4
2
1
3
2
2
4
1
2
3
1
1
1
1
1
2
2
2
1
3
2
3
2
2
1
2
1
2
2
3
1
1
2
2
2
1
1
2
1
1
1
2
4
1
2
3
1
2
2
2
2
2
2
3
2
1
1
1
2
1
2
2
1
2
1
3
2
2
2
3
1
1
1
2
3
1
1
2
4
2
2
2
2
1
2
3
4
4
2
2
2
3
2
1
2
2
2
3
2
3
2
2
2
2
2
1
2
2
3
1
2
2
2
2
2
2
2
3
1
2
3
2
3
2
2
2
1
3
2
3
2
3
2
2
2
3
2
2
2
3
2
2
3
2
2
2
3
1
1
2
3
1
2
2
1
2
2
2
2
2
2
1
2
2
1
2
1
3
3
1
2
1
3
4
1
1
3
2
2
2
2
1
1
2
4
1
3
1
2
2
2
1
2
3
1
1
4
1
2
2
2
2
2
3
2
3
2
1
1
3
2
2
3
2
2
2
3
2
1
1
1
2
2
1
2
2
2
3
1
2
2
3
2
2
3
1
4
2
2
2
2
1
2
2
1
1
2
2
2
1
1
2
4
2
2
1
2
1
2
1
1
2
1
4
4
5
1
3
2
1
2
2
4
1
2
2
1
2
2
3
2
2
1
1
2
2
2
2
1
2
3
2
4
2
3
1
2
2
2
1
2
2
5
2
3
2
2
1
2
3
1
2
2
2
2
2
3
2
4


D2 150
0
1
0
1
0
1
1
1
0
1
1
0
1
1
1
0
1
1
1
1
1
0
0
0
0
1
1
1
1
0
0
1
0
1
1
0
0
0
1
0
0
1
1
1
1
1
1
1
1
1
0
0
2
0
1
1
1
1
1
1
1
1
0
1
0
1
1
0
0
1
1
0
0
1
1
0
1
0
1
0
1
0
1
1
1
0
0
0
1
0
1
0
0
1
1
0
0
1
1
1
1
0
1
1
1
0
1
1
1
1
1
0
1
1
0
1
1
1
1
0
1
1
1
1
0
0
1
1
1
0
1
0
0
1
1
1
1
1
1
1
1
0
1
1
1
0
0
0
1
1
1
1
1
1
1
0
1
0
0
0
0
1
1
0
1
1
1
1
0
1
1
1
1
0
1
0
1
0
1
1
0
1
0
0
1
0
1
0
0
1
1
1
1
0
0
0
1
1
1
0
0
1
1
0
0
1
1
0
1
1
0
1
1
1
0
0
1
1
1
1
1
1
1
1
1
0
1
1
1
1
0
1
0
0
1
1
1
0
1
0
1
1
0
1
0
0
0
0
1
1
1
0
0
1
1
1
0
1
0
0
1
1
1
1
1
1
0
1
1
1
1
0
1
0
0
1
0
1
0
1
0
1
1
0
1
1
1
1
1
0
1
0
1
0
0
1
1
0
1
0
1
0
1
1
1
0
1
1
0
1
1
1
0
1
1
1
1
1
1
1
1
0
0
1
1
1
0
1
1
1
0
1
1
0
1
1
1
0
0
0
0
1
0
0
1
1
1
1
1
1
1
1
1
0
1
0
0
1
1
0
1
1
1
1
0
1
1
0
1
1
1
1
1
1
1
1
1
1
1
1
1
1
1
0
1
1
1
0
1
1
0
1
0
0
1
1
1
1
0
1
0
1
0
1
0
0
0
0
0
1
0
1
0
1
1
1
1
0
0
0
0
0
0
0
1
1
1
1
0
0
1
0
0
1
1
1
1
0
0
1
1
0
0
0
1
1
1
0
1
1
0
1
0
1
1
0
0
0
1
1
1
1
1
0
1
1
0
1
0
1
1
1
1
0
1
0
1
1
1
0
0
0
1
0
1
0
0
1
0
0
1
1
1
1
0
1
0
1
1
1
1
1
1
0
1
1
1
0
1
0
0
1
1
0
1
1
0
1
0
1
1
0
1
0
0
0
1
1
0
1
0
0
0
1
1
0
1
1
0
0
1
0
1
1
0
1
1
0
0
0
0
1
0
1
1
1
0
1
1
1
1
1
1
1
0
0
1
0
0
1
0
0
1
1
1
1
0
1
1
0
1
1
0
1
1
1
1
0
1
1
1
1
0
1
1
1
1
0
1
1


D3 150
196
173
166
178
189
165
155
176
178
168
173
166
149
169
154
179
172
191
159
176
176
177
167
182
184
158
168
167
153
163
167
177
193
178
162
189
170
168
164
153
174
152
157
191
194
176
178
184
156
169
193
160
175
172
185
152
191
168
180
180
196
186
340
164
166
152
167
180
164
167
158
161
181
161
182
155
177
177
184
164
166
163
165
151
182
191
165
167
155
197
166
149
169
183
195
153
174
150
183
165
179
194
196
168
163
165
180
182
190
167
166
171
154
179
162
158
157
191
169
159
170
154
155
189
154
151
159
174
163
177
185
167
153
183
181
188
151
171
160
196
164
166
184
152
168
154
165
184
152
160
180
180
165
149
156
175
187
165
182
168
151
177
177
177
177
177
180
183
178
186
155
156
156
183
177
178
177
177
164
181
177
177
179
149
178
183
180
165
194
183
167
165
168
175
151
170
194
179
180
179
178
178
149
169
171
175
165
164
193
169
190
182
168
185
154
156
161
177
187
180
168
167
181
177
178
164
181
166
176
171
163
172
185
167
167
174
153
156
166
174
159
168
166
177
152
156
163
194
162
166
161
171
161
171
161
179
179
177
154
164
161
163
169
170
165
167
177
193
176
179
167
166
178
165
163
177
171
156
179
163
165
190
154
180
176
169
170
174
149
167
153
177
163
150
151
195
193
176
166
171
159
167
192
181
175
175
175
150
195
169
173
177
178
174
161
163
182
165
179
168
176
189
162
173
157
154
175
190
152
171
180
167
165
175
173
170
168
180
167
178
177
180
182
193
154
166
183
181
170
156
158
168
154
181
173
174
150
169
170
175
193
154
188
188
153
152
180
163
172
167
184
155
191
166
167
187
165
176
172
149
192
172
174
166
176
176
178
161
171
172
173
193
167
167
168
161
177
170
156
154
166
182
150
177
169
169
166
188
170
155
175
150
177
176
192
166
163
189
227
175
160
162
181
176
161
180
194
169
154
179
161
174
165
167
183
165
151
163
153
153
171
155
170
155
168
179
163
162
155
173
163
181
163
181
158
164
194
158
171
179
182
166
164
187
182
157
194
177
162
188
164
184
168
160
196
166
169
157
154
156
162
185
172
150
176
176
177
168
173
193
182
167
168
176
161
165
175
176
169
160
151
168
152
180
163
181
186
153
155
156
150
165
174
154
168
164
166
159
178
171
164
165
192
179
170
172
186
193
170
182
163
180
154
158
150
186
173
158
172
167
167
172
164
195
158
192
158
166
166
174
150
166
165
172
170
171
162
178
161
176
189
182
172
170
169
168
172
166
192
191
165
160
162
177
185
180
166
163
179
154
190
169
164
174
155
172
163
167
168
182
196
169
155
166
178
192
157
174
151
194


D4 150
146
166
165
148
165
165
149
149
148
150
165
180
148
165
148
148
165
149
165
149
148
148
148
148
149
163
148
148
148
148
148
149
166
150
148
148
148
148
149
160
164
149
148
148
149
148
165
165
149
148
148
165
160
148
166
149
165
149
148
150
149
149
163
148
149
148
149
165
148
148
165
181
149
165
165
148
163
149
149
148
165
166
148
149
165
149
149
148
148
148
163
148
148
165
148
164
148
148
148
148
148
148
149
148
149
165
165
150
164
165
148
164
149
148
164
148
148
167
166
148
165
165
147
148
148
164
149
148
165
148
149
166
148
149
148
165
148
165
148
149
148
149
165
165
165
147
147
167
163
165
148
150
148
148
149
179
182
147
164
165
148
148
149
164
166
165
149
150
165
181
149
165
164
148
165
165
165
148
167
150
165
164
182
179
151
166
167
149
165
149
149
164
148
148
147
148
148
164
148
150
149
149
182
148
148
148
180
148
149
165
166
165
148
165
164
147
165
149
149
149
147
163
148
148
149
182
167
148
165
165
149
149
165
148
149
165
148
165
149
148
149
149
148
180
148
148
148
150
165
151
165
165
148
165
165
167
151
163
148
148
148
148
149
165
148
165
164
149
167
144
165
161
165
165
149
148
165
148
165
149
163
151
164
164
150
163
148
149
148
165
165
150
166
162
162
150
150
180
165
150
150
149
150
150
165
165
149
164
179
163
148
167
148
148
165
165
150
148
149
165
149
148
149
165
148
165
148
148
148
148
148
148
165
151
163
167
166
148
148
148
148
148
149
148
147
148
164
150
165
148
148
165
149
148
148
165
148
148
152
179
148
165
148
165
148
149
148
165
148
149
148
165
148
149
148
149
148
165
149
148
151
165
148
148
148
150
148
148
165
165
162
148
164
148
149
149
180
165
165
148
148
148
164
165
166
165
147
149
148
148
163
165
148
167
167
183
151
164
164
151
165
182
164
149
178
165
148
149
148
149
166
149
165
164
166
148
165
164
148
149
165
148
148
148
148
165
165
163
148
165
148
150
149
151
148
148
151
165
166
149
149
179
148
149
165
148
165
148
182
149
148
148
148
165
149
165
149
149
148
150
148
148
165
148
148
148
164
149
148
164
148
148
149
148
148
165
165
148
164
165
149
165
148
165
164
150
151
165
165
164
164
148
165
147
149
148
148
165
148
166
149
149
148
149
182
182
149
167
149
165
149
150
147
149
148
163
166
165
166
166
148
148
166
148
165
165
148
165
148
165
149
165
165
165
148
165
148
166
165
148
165
148
148
149
148
150
165
148
149
149
165
148
164
148
148
150
148
165
165
181
165
181
148
148
149
150
149
148
163
149
165
150
148
148
165
150
165
148
148
182


D1 400
1
1
1
1
1
1
1
1
1
1
0
1
1
1
1
1
1
0
1
1
1
0
1
1
0
1
0
1
1
0
1
1
1
1
1
1
1
0
1
1
0
1
2
1
1
1
0
1
1
1
1
1
1
1
1
1
0
0
1
0
1
0
1
1
1
0
0
1
1
1
1
0
1
1
1
1
1
1
0
1
1
1
1
0
1
1
1
0
0
1
1
0
1
1
1
1
1
1
1
0
1
0
0
1
1
1
1
1
1
1
1
1
1
1
1
1
1
0
1
1
1
1
0
1
1
1
1
1
1
1
1
1
1
1
1
1
1
1
1
1
1
1
1
0
1
1
1
0
1
0
1
1
1
1
1
1
1
1
1
1
0
1
1
0
1
0
1
1
0
1
1
1
1
1
0
1
0
0
0
1
0
1
1
1
1
1
0
1
1
0
1
1
1
1
1
1
0
1
1
1
1
0
1
1
1
1
1
1
1
1
3
1
1
0
1
1
1
1
0
1
1
1
0
0
1
1
1
1
1
1
1
0
0
1
0
1
1
0
0
0
1
1
0
1
1
1
0
1
1
0
0
1
1
0
0
1
1
0
0
1
1
0
1
1
1
1
1
1
1
1
1
1
1
1
1
1
1
1
1
2
0
0
0
1
1
0
1
1
1
1
1
0
1
1
1
1
1
1
1
1
1
0
1
1
1
1
1
1
1
1
1
1
0
1
1
1
1
1
1
1
1
1
1
1
1
1
0
1
1
1
1
1
1
0
0
1
0
1
1
1
0
1
1
0
1
0
1
1
2
1
1
1
1
1
1
1
0
0
0
1
1
1
1
0
1
1
1
1
0
1
1
1
0
1
1
1
1
1
1
0
1
0
1
1
0
1
0
0
0
1
1
1
1
1
1
1
1
0
1
0
1
0
1
1
1
1
0
4
1
0
0
1
1
1
1
1
1
1
1
0
1
1
1
1
1
0
1
1
1
1
1
0
0
1
1
1
1
0
1
1
1
1
0
1
1
0
1
1
1
1
1
1
1
1
1
0
1
0
1
1
1
1
0
1
1
1
1
1
1
1
0
1
0
0
1
1
0
1
1
1
1
0
0
1
1
1
1
1
0
0
1
0
1
1
1
1
0
1
1
0
1
1
1
0
0
1
1
1
1
0
0
1
0
0
1
1
1
1
1
0
0
1
0
1
1
1
0
1
1
0
1
1
1
1
1
1
1
1
0
1
0
1
1
0
1
0
1
0
1
1
1
0
1
1
1
0
1
0
1
0
1
1
0
0
1
2
1
1
1
1
1
1
0
1
0
1
1
1
1
1
1
1
1
1
0
1
1
1
0
1
1
0
1
0
0
0
1
1
1
0


D2 400
1
1
1
1
1
0
1
1
0
2
1
0
0
1
1
1
0
0
1
1
0
1
1
1
1
1
1
1
1
1
1
1
1
1
1
1
1
1
1
1
1
1
0
1
1
1
1
1
1
1
1
1
1
1
1
1
1
0
0
1
1
0
1
1
1
1
0
1
0
0
0
1
0
0
0
0
0
1
1
1
1
1
1
1
0
0
1
1
1
1
1
1
1
1
1
1
1
1
1
1
1
1
1
1
1
1
1
0
0
1
1
1
0
0
0
1
1
0
1
1
1
0
0
1
1
1
1
0
1
1
1
0
0
1
1
1
0
1
1
1
0
1
0
1
1
1
1
1
1
1
0
1
1
0
1
1
1
0
0
1
1
1
1
0
1
1
1
1
1
1
1
1
0
1
1
1
1
1
1
1
0
1
1
1
1
1
1
1
1
1
1
1
1
1
1
1
0
0
1
0
2
0
0
1
1
1
1
1
1
0
1
1
1
1
1
1
1
0
1
1
1
1
1
1
1
0
0
1
1
0
0
1
0
0
1
0
1
1
1
1
1
1
0
1
1
1
1
1
0
0
1
1
1
1
1
0
1
1
0
1
1
1
1
0
1
1
1
1
1
1
0
0
1
1
1
1
1
0
0
0
1
1
1
1
0
1
1
1
1
1
0
1
0
1
1
1
1
1
1
1
0
1
0
0
1
1
0
0
1
1
1
0
1
1
1
0
0
1
1
1
1
1
1
0
1
1
1
1
1
1
0
1
1
0
0
1
1
1
0
1
0
1
0
0
0
0
1
1
1
1
1
1
1
1
0
1
1
1
1
1
0
1
0
1
1
1
1
1
1
0
1
1
0
1
1
1
1
0
1
1
1
1
1
0
1
1
0
0
1
1
0
1
1
0
1
1
1
1
1
1
1
0
1
1
1
1
0
2
1
1
1
1
1
0
1
1
1
1
0
1
1
1
1
1
0
1
0
0
0
1
0
1
1
1
1
1
1
1
1
1
1
1
0
1
0
1
0
1
0
0
1
1
1
0
0
1
1
0
1
1
1
1
1
0
0
1
1
0
0
0
1
0
1
0
1
1
0
1
1
1
1
0
1
1
1
1
1
1
1
1
0
1
1
0
1
1
1
0
1
1
1
1
1
0
1
1
0
1
1
0
1
1
1
1
1
1
1
0
1
1
0
1
1
1
1
1
1
1
1
0
1
0
1
0
1
1
1
1
0
1
1
1
0
0
1
0
1
0
0
1
1
0
0
1
1
0
1
1
1
1
1
0
1
1
1
1
0
1
0
1
0
1
1
0
0
1
1
1
1
1
1
1
1
0
1
0
1
1
0
1
1
1
1
1
0
1
1
0
1
1


D3 400
415
417
414
426
403
396
401
423
409
417
419
414
398
417
402
426
419
404
405
424
423
408
415
414
429
419
416
415
402
409
416
425
426
426
426
419
402
399
427
399
405
400
421
421
409
424
426
398
417
418
423
409
436
417
399
416
402
412
427
429
409
398
403
428
430
398
430
411
412
416
403
424
427
409
430
435
405
408
397
411
430
429
412
398
412
420
428
397
401
425
429
428
416
397
407
416
419
430
429
426
426
425
425
413
413
412
426
398
401
430
414
417
402
409
409
401
403
438
417
406
416
416
419
402
402
415
420
402
426
424
399
399
400
430
429
401
415
418
407
409
410
428
431
415
399
415
412
399
416
420
410
427
412
413
417
420
435
429
412
414
397
424
424
423
422
424
410
415
423
416
401
421
419
412
422
408
424
425
426
430
441
424
425
429
429
398
413
428
426
398
416
414
397
404
400
402
422
428
427
412
407
424
413
417
400
419
410
427
405
399
405
429
414
398
418
418
425
424
399
445
413
414
428
422
422
412
413
413
405
399
395
419
400
414
400
404
400
419
429
403
404
414
428
405
416
420
410
423
426
430
408
401
407
418
423
429
425
405
401
427
409
424
415
402
410
414
405
406
408
409
413
412
426
411
410
405
418
417
427
431
410
419
399
411
421
399
416
419
413
413
432
426
412
397
429
427
425
423
428
405
422
413
405
412
423
423
424
428
423
416
419
410
409
405
425
428
398
428
426
416
423
421
410
420
420
417
402
404
470
418
427
431
412
423
417
434
415
410
414
425
406
427
397
407
401
428
397
398
417
418
404
413
401
411
419
403
414
399
416
416
423
417
402
416
400
416
425
409
398
398
433
418
416
414
416
400
412
404
418
428
406
401
419
412
424
424
424
408
416
418
405
405
413
414
413
440
423
417
418
401
428
411
412
422
400
398
412
423
399
416
402
428
406
425
422
413
411
423
407
406
405
410
428
420
422
411
408
401
417
428
409
420
412
411
413
413
414
407
400
400
418
402
399
402
415
425
425
409
418
402
411
428
428
414
405
427
425
403
400
426
428
411
411
403
427
400
409
421
427
418
408
429
415
407
440
397
415
400
419
403
409
416
417
413
404
424
422
414
419
406
412
414
414
404
409
412
408
421
415
423
414
416
397
426
427
429
435
398
419
419
412
427
403
399
415
410
412
420
408
400
427
413
421
427
401
419
417
426
417
428
410
413
402
419
428
398
422
421
405
414
398
402
427
426
418
402
401
429
444
405
415
427
411
415
418
417
409
408
423
422
404
428
418
417
418
415
419
427
406
405
414
422
423
405
398
427
429
426
428
417
404
414
412
415
418
418
411
397
400
428
423
416
402
412
409
405
422
420
398
436


D4 400
400
416
400
416
416
431
399
417
399
416
399
399
415
416
399
417
415
399
416
432
416
416
399
416
416
416
400
416
400
416
400
400
417
431
416
416
416
416
400
416
399
400
400
400
399
417
400
414
399
416
416
399
416
416
399
399
399
415
415
416
415
414
416
416
399
399
415
416
416
415
415
400
415
415
416
399
416
416
399
399
416
416
399
416
414
415
399
417
400
416
416
417
416
399
414
400
416
416
415
416
416
400
417
416
416
399
416
399
400
400
416
415
414
399
399
416
415
399
399
416
416
417
416
399
399
400
414
399
400
416
399
415
399
416
416
415
416
414
416
399
414
416
416
400
416
416
416
399
416
415
399
416
416
399
416
416
416
399
399
416
416
416
416
414
416
400
399
415
416
416
416
400
399
399
417
399
400
415
399
416
431
416
417
416
416
416
416
399
400
399
415
432
399
400
399
416
399
415
416
399
431
399
399
399
415
416
416
417
399
399
416
415
416
399
415
416
416
399
399
400
416
400
417
416
399
399
399
416
414
399
399
416
416
417
416
399
399
431
417
416
416
416
399
399
416
416
399
400
416
398
415
415
400
416
399
430
400
399
399
417
399
399
416
399
400
431
416
399
416
397
399
399
416
400
399
399
400
402
399
413
416
399
416
417
417
399
416
400
399
416
399
417
399
416
416
416
399
416
416
416
399
416
414
399
416
416
399
400
417
416
400
399
399
400
416
398
414
400
416
416
416
417
416
399
400
416
399
399
407
400
414
416
399
416
416
415
416
416
416
399
399
417
416
399
414
416
400
416
418
416
416
418
416
431
416
399
400
416
416
418
400
400
399
399
416
399
400
431
399
398
399
400
416
400
415
399
400
400
416
416
400
415
416
416
416
414
415
399
418
416
430
399
416
415
417
399
414
415
416
400
416
399
416
416
415
416
399
412
400
414
399
400
399
399
416
400
416
412
399
416
400
400
416
416
417
399
399
399
415
399
416
416
414
399
399
416
400
416
416
399
415
414
399
399
416
416
416
399
399
399
399
400
400
399
399
432
400
399
399
416
416
416
399
399
401
415
416
417
399
414
416
417
400
399
400
400
400
416
399
416
399
416
416
431
399
416
416
417
416
416
399
416
415
399
399
416
416
400
416
416
416
416
416
399
399
417
414
400
416
400
399
399
399
416
417
399
416
416
399
399
399
399
416
417
400
416
414
416
400
414
400
399
416
399
416
399
417
416
399
416
416
417
418
414
416
415
416
415
399
400
399
417
399
416
416
430
416
414
416
416
399
417
400
400
399
400
414
416
399
399
399
399
399
399
416
400
400
416
416
416
431
416
399
418
400
416
414
416
399
416
399
416
416
399
414
416
416
416
400
400


D1 1000
1
1
1
2
0
1
1
1
1
1
2
1
0
1
1
1
2
2
3
2
1
1
0
1
0
1
2
2
1
1
0
1
3
1
1
1
1
1
1
1
2
3
1
1
1
1
0
1
1
0
2
2
1
1
1
1
1
0
2
3
3
2
3
2
2
2
1
3
2
2
2
0
1
1
1
0
1
1
1
1
0
0
1
0
2
3
2
2
2
2
1
5
1
0
1
1
1
2
2
3
2
3
1
0
2
1
2
1
1
1
3
1
1
1
1
1
1
1
1
0
1
1
3
2
1
0
3
4
1
0
1
0
1
1
1
1
2
1
0
1
3
2
1
1
1
1
1
1
2
2
1
1
0
1
0
0
1
2
3
1
1
0
1
2
2
2
3
2
2
2
7
1
1
1
2
2
2
1
1
1
4
1
1
2
2
3
1
1
3
0
1
1
2
2
2
3
3
2
3
2
2
2
2
2
2
2
2
2
1
2
3
2
2
2
1
3
3
2
3
1
2
2
4
2
2
1
2
2
3
2
2
3
4
2
2
1
1
0
1
2
1
1
1
1
2
2
3
2
2
2
1
1
1
1
1
1
0
1
0
2
1
1
1
2
1
1
3
2
3
2
3
2
3
2
6
0
2
3
1
1
0
1
2
2
2
2
3
1
1
1
1
0
2
2
2
2
1
1
2
3
3
2
2
2
2
3
2
2
6
1
1
1
2
1
3
1
1
2
4
0
1
1
3
1
2
3
2
2
3
2
2
1
1
1
1
1
2
1
1
1
1
2
1
1
1
2
2
0
1
2
2
2
1
1
1
1
0
2
1
1
1
1
1
2
2
2
2
2
1
1
1
0
0
1
0
2
2
2
2
2
2
2
2
2
2
2
1
1
0
1
2
2
2
2
2
1
3
3
1
0
2
2
2
2
3
2
2
2
2
2
2
2
1
1
2
2
1
1
0
1
1
1
2
2
1
1
1
1
1
0
2
2
2
1
0
0
1
1
2
2
3
2
2
2
2
2
3
2
2
2
2
0
1
1
3
0
0
1
1
1
1
1
0
1
3
2
2
3
2
2
2
0
1
1
2
1
5
0
0
1
0
1
0
1
1
1
1
0
2
2
1
1
1
2
2
1
1
1
1
0
2
2
2
2
1
3
2
1
1
9
0
2
1
0
1
2
1
1
0
0
2
1
1
1
1
3
2
2
2
2
2
2
2
1
3
2
2
2
2
2
2
2
2
2
3
1
1
1
0
2
1
2
3
2
2
2
2
2
2
2
2
3
3
2
2
3
2
2
2
2
2
2
2
2
2
2
1
2
2
2
2
2
1
1
0
1
1
1
1
1
1
1
1
0
1
1
1
2
2
2


D2 1000
1
1
0
0
0
2
1
0
0
1
1
0
0
1
1
0
2
1
1
1
1
1
1
0
1
0
1
1
1
0
2
1
0
1
1
1
1
1
1
1
1
1
1
0
1
1
1
0
1
0
1
0
1
1
0
1
1
0
0
1
2
1
1
0
1
0
1
1
0
1
0
0
0
1
1
1
0
1
1
1
2
0
0
0
1
1
1
2
0
0
1
0
1
2
3
1
1
2
1
0
2
1
1
1
0
1
0
1
1
0
1
0
5
2
0
1
1
0
2
0
2
1
1
0
1
1
0
0
1
1
1
1
1
1
1
2
1
1
1
1
1
1
1
1
1
0
1
2
0
0
1
0
1
0
1
1
1
1
0
0
0
1
1
1
0
1
1
1
1
0
1
1
1
0
1
0
1
1
0
0
1
1
1
1
1
1
0
1
0
1
1
1
1
1
2
1
1
1
0
0
1
1
1
1
0
1
1
0
0
2
1
1
0
0
1
0
1
0
1
1
1
0
1
1
1
1
1
1
1
0
1
0
0
0
1
1
0
1
2
2
1
1
1
1
0
1
0
1
1
1
1
1
1
1
1
1
1
1
1
1
1
1
0
1
1
0
0
1
1
1
0
1
2
1
1
1
1
1
1
1
0
2
1
0
0
1
1
1
0
1
1
1
1
1
0
1
1
1
0
1
1
1
1
1
1
1
1
0
2
1
0
1
0
1
1
1
1
1
0
1
1
1
0
0
1
0
1
1
0
1
1
1
1
1
1
1
0
0
0
1
1
0
0
2
1
1
1
0
1
1
1
0
0
1
0
0
0
1
1
1
1
1
1
1
0
0
1
0
1
1
0
0
1
1
1
1
0
0
1
0
0
0
1
2
1
1
1
0
0
0
1
0
1
0
1
0
1
1
1
1
0
1
1
0
2
0
0
0
0
0
1
0
2
0
1
1
1
0
0
1
1
1
1
0
1
1
1
1
1
1
1
1
1
2
0
0
2
1
1
1
1
0
1
1
1
1
0
1
1
1
1
1
0
0
0
0
1
0
1
1
1
2
0
0
0
1
0
0
1
1
1
1
2
1
1
1
1
1
0
1
2
2
1
1
2
0
0
0
0
1
1
1
0
1
0
1
0
1
0
1
1
1
1
1
1
1
1
1
1
1
0
2
1
0
1
1
1
1
1
1
1
0
1
0
1
0
1
1
1
1
1
0
1
1
1
0
1
1
0
0
1
0
1
0
0
0
1
2
2
1
1
1
1
0
0
1
1
1
0
0
0
1
0
0
1
1
1
1
0
1
1
1
1
0
0
1
1
1
1
1
1
2
0
1
0
1
1
0
1
1
2
1
1
0
2
1
1
1
1
0


D3 1000
999
1003
1017
1027
1019
1013
1002
1025
1025
1000
1020
1016
1000
1016
1019
1011
1004
1021
1022
1007
1008
1010
1031
1014
1014
1022
1017
998
1003
1014
1017
1025
1009
1010
1011
1022
1018
1017
997
1002
1007
1000
1020
1023
1011
1024
1010
1015
1019
1020
1040
1024
1021
1018
1001
1000
1019
1016
1029
1029
1026
999
1018
1014
1032
1032
999
1029
1028
1014
1022
1025
1013
1025
1013
1018
1009
1011
1014
1028
998
1028
1028
999
1012
1022
1030
1015
1019
1011
1030
1031
1033
1014
1008
1018
1020
1014
1013
1011
1028
1024
1010
998
1014
1013
1010
998
1020
1000
1030
1003
1006
1011
1012
1018
1004
1023
1003
1022
1000
1001
1019
1021
1019
998
1004
1004
1027
1041
1016
999
1002
1013
1028
1018
1000
1022
1041
1026
1029
1030
998
1032
1000
1001
1015
1016
1017
1004
1028
1012
1029
1013
1002
1022
1002
1029
1015
1016
1000
1025
1006
1006
1008
1009
1027
1001
1009
1001
1021
1038
1002
1031
1008
1009
1025
1009
1028
999
1043
1008
1011
1031
1030
1031
1014
1029
1011
1015
1014
1014
1015
1006
1016
1017
1008
1012
1029
1012
1007
1008
1015
1016
1001
1005
1028
1013
1022
999
1005
1012
1029
1015
1002
1021
1026
1024
1018
1012
1015
1033
1011
1006
1008
1014
1030
1030
1021
1033
1030
1037
1018
999
1018
1021
1017
1002
997
1021
1022
998
1013
1007
1000
1037
1009
1008
1011
999
1007
1019
1026
1021
1023
1010
1012
1007
1003
1028
1025
1028
1001
1000
1027
1013
1008
1008
1025
1008
1014
1030
1027
1028
1027
1006
1020
1020
1010
1012
1012
1021
1016
1027
1008
1001
1017
1003
1014
1015
1000
1026
1012
1030
1032
1028
1024
1006
1027
1005
1023
1013
1005
1013
1024
1040
1007
1016
1026
1018
1020
1011
1009
1007
1041
1013
997
1028
1011
1032
1007
1004
1012
1036
1004
1001
1004
1006
1002
1001
1028
998
999
1041
1002
1021
1018
1013
1017
1043
1008
1028
1013
1007
1001
1013
1014
1012
1001
1021
1004
1014
1002
1028
1006
1005
1014
1017
1002
1020
1043
1034
1003
1018
1003
1000
1009
1024
1000
1000
1033
1001
1003
1016
1016
1017
1029
1022
1020
1029
1022
1001
1005
1014
1039
1007
1009
1029
1018
1019
1021
1007
1017
1046
1013
1008
1008
1017
1018
1018
1031
1032
1029
1006
1018
1001
1014
1020
1016
1019
1004
1016
1022
1008
1024
1015
1029
1005
1040
1024
1007
1026
1012
1007
1025
1013
1026
1001
1003
1012
1025
1004
1029
1013
1014
1029
998
1010
1002
1016
1001
1021
1001
1004
1016
1026
1026
1009
1004
1019
1011
1012
1014
1046
1022
1011
1028
1005
1018
1010
1013
1013
1013
1020
1020
1003
1013
1040
1028
1018
1011
998
1015
1023
1025
999
1003
1001
1021
1005
1010
1016
1001
1014
1005
1025
1022
998
1004
1008
1029
998
997
1005
1009
1028
1008
1022
1000
1026
1031
1015
1016
1011
1028
1012
1000
1000
1021
1036
1029
1028
1005
1001
997
1010
1016
1005
1024
1017
1012
1013
1024
1027
1018
1019
1019
1025
1001
1011
1013
1013
1017
1019
1013
999
1008
1038
1005
1000
1000
1018
1013
1009
1003
1007
1018
1013
1011
1007
1018
1012
1028
1001
1005
1017
1026
1026
1023
1023
1018
1013
1003
1002
1033
1017
1002
1029
1008
1021
1012
1007
1026
1006
998
1011
1030
1028
1044
1001
1020
1016
1013
1033
1020
1021
1014
1000
1000
1011
1025
1019
1020
1028
1023
1008
1022
1021
1016
1004


D4 1000
1017
1000
998
1016
1000
1001
1000
1014
1017
1019
1001
1016
1015
1019
1000
1021
1031
1000
1000
1000
1015
1018
1019
1000
1000
1016
1014
1020
1016
997
1033
1017
1000
1000
1000
1032
1005
1000
1000
999
1015
1017
999
1000
1031
1000
1020
1004
1017
1020
1000
998
1000
1000
1019
1019
1005
1000
1001
1016
1006
1016
1019
1020
1004
1016
1000
1003
1016
1021
1015
1014
1029
1017
1000
1000
1013
1015
1000
1016
1000
1034
1006
1018
1000
1000
1015
1006
998
1000
1017
1004
1002
1006
1000
1032
1001
1001
1005
1000
1002
1018
1000
1000
999
1003
1000
1000
1000
1015
1002
1017
997
1001
1032
999
1000
1004
999
1016
1001
1019
1000
1002
1000
1000
1016
1000
1015
1000
1004
1017
1015
1000
1017
1005
1016
999
999
1005
1003
1017
1019
1001
1020
1015
1019
1005
1001
1000
1019
1031
1017
1000
1014
1000
1015
1004
1000
1005
1034
1005
1000
1000
1000
1020
1017
1000
1000
1016
1000
1017
1000
1004
1031
999
1005
1000
1017
1031
1017
1000
1000
1016
1013
1017
1000
1017
1015
1004
1000
1003
1021
1015
1020
1000
1000
1014
1003
999
1000
1000
1032
1005
1021
1000
1017
1031
1000
1001
1000
1032
1006
999
1017
1014
1015
1016
1000
1000
1000
1014
1000
1000
1000
1032
1017
1017
1000
1002
1015
1017
1003
1000
1014
1017
999
1000
999
1006
1016
1000
1005
1000
1032
1015
1000
1000
1013
1000
1000
1000
1016
1032
1015
1000
1000
1017
1015
1004
1017
1001
1019
1000
1002
1014
999
1015
1004
1000
1014
999
1016
1017
1017
1000
1032
1003
1000
1000
1000
1033
1000
1004
1014
1000
1016
1000
1020
1000
1017
1004
1000
1017
1001
1005
1000
1000
1003
1018
1000
1000
1000
1000
1014
1017
1000
1020
1002
1013
1004
1000
1000
1032
1000
1014
1000
1000
1000
1004
999
1000
1000
1015
1017
1000
1000
1015
1000
1000
1005
1000
1019
1000
1000
1019
999
1019
1004
1017
1000
1014
1004
1001
1000
1000
1031
1000
1000
1000
1015
1020
1017
1004
1016
1019
1000
1000
1000
1005
1015
1004
1000
1004
1015
1016
1019
1015
1000
1015
999
1017
1000
1000
1000
1000
1004
1032
1003
1003
1000
1016
1016
1020
1017
1000
1014
998
1014
1004
1000
1000
1018
1000
1016
1016
1014
1001
1005
1000
1004
1015
1017
1000
1001
999
1003
1000
1000
1000
1000
1019
1001
999
1000
1020
1017
998
999
1033
1030
1017
1000
1000
1002
1032
1017
1000
1016
1020
1000
1000
1005
1005
999
1005
1016
1000
1015
1001
1000
999
1000
1015
1000
1004
1017
1000
1029
1004
1000
1000
1019
1000
1000
1000
1004
1016
1005
1000
1000
1006
1015
1000
1013
1000
1014
999
1017
1000
1000
1019
1001
1002
1005
1000
1033
1020
999
1000
1033
1004
1000
1017
1001
1031
1004
1000
1016
1000
1016
1000
1000
1000
1013
1017
999
999
1016
1002
1017
1003
1003
1029
1000
1000
1016
1000
1000
1003
1004
1001
1000
1015
1000
999
1005
1031
1017
1000
1004
1004
1032
1016
1000
1001
1019
1004
1000
1000
1000
1032
1000
1016
1000
1001
1029
1001
1000
1016
1015
1003
1000
999
1017
1015
1001
1000
1001
1000
1019
1000
1018
1017
1029
1000
1017
1000
999
1031
1004
1000
1017
1016
1017
1000
1000
1017
1015
1000
1000
1000
1017
1031
1000
1000
1017
1015
1017
1000
1000
1001
1032
1017
998
1004
1000
1016
999
1000
1001
1032
1000
1001
1005
1017
1001
1002
1000
1000