D3 150
156
172
170
155
161
166
152
188
191
181
169
218
198
184
179
161
202
250
165
151
157
155
183
160
211
169
185
153
192
217
157
173
202
169
160
192
167
170
177
157
186
163
196
212
162
186
167
181
176
153
167
230
174
168
187
161
208
192
155
175
143
177
209
172
162
222
185
189
169
156
194
185
298
158
186
169
169
191
171
200
163
199
199
196
175
190
186
193
205
208
193
179
178
198
387
170
158
230
217
212
147
162
174
203
199
214
178
204
200
170
158
195
160
197
186
170
207
202
188
217
186
186
174
211
208
210
213
208
151
206
242
272
211
206
178
172
202
220
161
193
192
194
170
198
178
176
210
205
169
183
222
229
215
189
217
161
214
231
176
187
297
163
222
186
165
209
176
213
222
228
244
213
169
201
190
158
158
191
529
192
203
175
175
209
179
199
165
183
202
170
162
227
161
234
233
162
179
220
157
219
216
210
211
167
180
167
173
175
198
211
160
193
188
194
172
199
198
171
187
229
155
160
189
203
195
174
159
175
172
186
168
205
192
243
227
190
189
181
173
215
160
171
213
166
169
202
183
174
223
204
224
160
221
170
168
214
202
171
178
202
216
201
184
194
211
212
241
217
178
204
224
202
208
174
172
216
168
174
213
183
161
203
228
206
195
183
164
179
161
208
199
216
246
200
167
223
247
244
209
210
208
175
169
180
165
220
209
187
184
188
160
187
166
237
210
242
281
233
216
235
196
240
230
198
187
239
243
166
159
204
210
174
207
203
197
207
223
195
208
153
159
203
189
157
172
207
177
220
191
204
197
202
241
211
176
192
198
186
187
226
225
222
181
221
209
180
206
184
241
759
196
189
206
234
192
236
219
229
169
181
244
155
235
186
168
181
218
223
226
254
200
176
156
226
178
231
226
193
182
215
231
157
188
215
172
198
197
161
239
186
184
217
247
180
178
237
214
166
178
162
190
162
183
172
181
232
176
217
236
242
212
231
245
395
201
174
165
191
228
197
165
185
167
224
215
173
177
217
202
212
199
178
169
243
179
210
245
161
152
239
210
242
201
234
184
233
189
180
238
220
252
215
157
227
209
182
228
224
167
224
236
241
224
215
245
148
213
168
264
224
198
258
258
174
199
158
185
246
205
215
194
276
171
201
218
250
180
199
185
204
157
195
189
248
218
230
167
248
227
225
216
215
245
257
159
218
223
162
231
166
236
188
228
186
223
166
184
229
177
176
266
239
246
236
264
253
223
221
240
230
177
232
181
254
220
169
212
248
159
183
164
202
221
164
197
209
156
171
243
259
236
228
284
248
212
238
250
161
154
179
157
171
226
221
162
251
218
266
248
208
249
207
216
148
174
255
235
211
247
163