D4 150
212
174
181
180
180
181
197
176
176
180
200
174
178
201
348
226
198
192
180
182
171
180
180
180
207
198
179
227
175
175
217
228
176
179
175
174
209
197
174
177
195
202
179
179
221
181
179
179
179
195
180
192
197
342
197
211
175
176
175
176
228
175
177
228
228
179
178
195
225
227
194
178
193
242
180
188
194
192
375
195
235
186
176
191
175
175
179
181
196
176
192
184
305
179
179
185
193
169
175
174
230
240
225
178
183
185
180
179
181
192
229
190
191
167
176
179
175
193
190
177
189
176
198
177
176
175
171
195
228
195
173
196
173
178
206
202
227
179
259
181
189
189
179
191
192
205
196
176
239
249
176
168
180
192
174
245
206
180
257
228
152
241
176
195
257
191
238
190
177
178
269
173
185
179
178
206
209
176
189
178
180
174
188
175
178
196
219
180
175
180
191
175
241
173
167
246
192
176
192
285
176
179
174
214
220
214
194
178
201
262
228
189
205
179
192
175
185
231
178
176
245
189
180
176
186
176
211
190
169
190
194
177
179
174
169
194
187
222
300
172
225
218
179
192
222
180
177
188
177
172
191
225
175
212
213
179
189
199
213
199
175
173
205
196
171
179
175
178
207
192
177
170
192
213
212
179
247
324
175
178
228
176
173
177
192
175
226
236
241
177
191
196
189
198
206
190
191
177
192
189
176
203
178
186
186
179
177
178
178
177
177
179
207
180
190
178
282
192
172
177
180
177
176
174
181
183
175
199
257
193
169
180
176
176
177
178
187
190
191
257
228
180
176
195
167
193
175
179
181
177
199
181
176
176
226
322
180
225
193
172
177
179
229
180
189
263
194
245
177
200
201
194
194
170
197
179
180
172
239
198
170
209
179
207
312
175
193
175
180
184
234
189
247
190
200
178
176
191
203
174
190
273
211
193
257
191
189
272
177
179
186
181
175
189
237
163
168
205
210
258
239
242
208
294
194
177
244
183
193
174
176
177
192
177
197
187
242
226
186
196
255
176
194
179
175
173
174
177
193
190
193
224
241
176
170
179
178
258
242
178
174
179
311
196
185
176
188
215
180
195
173
195
262
189
175
212
206
194
243
177
196
195
179
193
187
246
180
199
177
175
209
195
178
206
176
225
219
189
178
178
170
195
202
180
178
178
186
176
179
176
259
236
257
190
175
175
220
177
174
195
194
199
175
190
259
208
199
208
174
232
283
225
192
163
174
263
209
202
207
189
188
194
174
178
170
175
194
172
172
195
244
176
207
170
197
262
188
177
278
186
392
181
193
272
223
196
251
249
175
212
196
179
169
176
182
177
176
223
261
246
263
213
208
195
244
172
175
168
175
191
184
177
190
278
209
168
185
186
199
264