D1 150
13
15
17
9
14
14
14
13
15
15
11
14
9
9
8
7
9
16
11
14
11
10
16
7
15
17
15
9
14
7
8
15
11
10
12
16
10
8
17
13
8
13
10
10
12
9
11
12
8
14
17
7
6
6
15
7
14
5
16
12
8
14
5
18
14
12
13
8
16
12
12
13
9
15
11
10
13
16
13
15
14
15
8
11
13
12
14
7
16
15
15
14
13
12
16
5
13
14
16
16
11
13
14
15
7
14
7
14
9
10
5
17
14
13
9
15
14
9
10
10
7
11
7
11
9
11
6
7
17
19
19
23
13
11
9
9
13
16
12
7
14
11
10
8
17
14
16
10
9
18
7
13
16
12
15
7
14
16
11
18
18
14
12
16
14
11
16
12
12
8
13
12
7
15
14
12
13
13
11
7
15
13
10
14
7
13
14
15
12
10
15
14
14
9
11
13
14
9
13
23
13
7
12
15
15
11
16
10
10
18
7
13
9
9
17
7
5
8
14
4
11
12
8
13
11
14
4
15
8
10
10
11
6
16
15
13
12
16
11
6
15
13
10
9
8
18
12
15
12
9
15
9
10
5
14
8
7
8
8
9
7
14
11
9
13
11
16
4
11
16
10
8
15
18
13
16
14
10
4
9
7
11
15
12
7
17
14
15
14
7
8
12
11
5
10
13
6
15
10
15
18
10
12
12
8
9
5
4
13
14
13
11
12
4
12
12
11
10
10
19
9
12
12
12
12
8
12
12
13
14
10
15
12
13
11
19
12
13
14
8
14
10
22
5
17
15
16
10
5
15
13
6
17
11
11
8
9
14
15
17
10
7
10
13
14
13
13
16
10
13
16
16
11
8
15
13
5
12
10
16
14
13
14
8
9
8
8
13
7
7
14
5
15
16
10
8
19
16
5
6
12
12
21
9
13
6
10
16
13
14
6
12
6
11
18
8
14
11
6
12
22
11
6
15
14
8
12
11
13
14
8
14
13
6
14
9
8
13
16
16
14
8
12
11
8
10
11
9
11
11
8
14
14
12
16
9
8
14
7
14
11
5
12
11
14
10
8
16
8
6
8
12
14
10
6
13
11
8
10
13
16
5
11
10
17
8
17
14
8
9
8
10
9
17
9
8
8
13
10
9
16
14
7
8
12
10
18
7
12
11
14
14
17
11
8
8
13
4
14
16
9
11
8
15
12
6
10
13
5
15
15
17
9
14
13
13
15
12
12
15
12
11
11
13
8
11
5
7
15
7
8
11
12
8
6
13
14
6
6
16
9
9
16
11
8
9
8
10
8
10
9
6
10
7
10
14
14
9
10
13
4
17
11
10
12
8
15
4
13
15
7
10
8
8
17
6
6
10
16
7