D3 150
205
162
161
166
161
160
181
190
159
166
207
186
200
169
213
183
179
194
175
201
177
206
166
188
168
180
176
184
182
209
184
174
202
187
210
158
205
189
177
186
191
200
199
175
202
170
180
203
171
184
177
226
168
202
185
177
194
163
172
164
193
210
158
196
164
193
168
172
165
202
161
172
202
157
224
168
162
222
165
205
160
163
268
169
164
154
170
204
185
195
184
165
176
204
176
168
161
172
188
180
202
167
204
226
177
222
158
210
213
161
156
175
202
163
183
175
164
197
166
169
162
210
179
180
202
171
158
173
153
173
162
252
152
201
159
155
162
187
162
178
177
262
186
164
172
203
157
160
188
185
166
177
182
213
172
180
170
230
159
183
167
160
154
211
158
159
192
159
207
187
158
158
154
222
164
203
167
166
184
216
246
207
194
181
170
216
210
159
189
193
221
230
200
220
192
160
202
225
204
198
207
218
198
208
187
214
202
172
187
186
183
218
169
170
166
221
177
157
158
219
177
172
202
205
200
184
170
209
191
173
200
181
178
207
164
154
157
203
200
173
205
176
202
214
194
171
187
186
173
198
193
153
188
165
190
188
157
196
158
222
170
215
195
221
157
212
215
176
202
198
207
189
169
170
158
241
190
180
174
219
177
184
175
204
210
196
172
198
159
186
212
206
201
250
164
176
168
239
221
191
181
210
175
156
179
211
173
165
167
217
204
202
226
241
195
184
210
184
155
209
177
154
193
163
159
219
201
183
204
166
163
242
202
238
225
154
193
161
200
164
200
210
175
216
220
156
184
184
194
166
174
204
211
199
188
208
181
210
216
198
188
207
175
203
220
181
188
241
193
170
166
209
195
249
159
165
161
200
166
218
190
195
189
200
181
208
169
205
166
208
155
198
199
188
159
226
200
181
199
166
199
231
205
158
225
191
192
225
176
173
196
174
160
233
168
156
167
202
205
212
189
185
230
163
166
193
156
191
165
222
170
223
223
230
227
217
201
204
199
227
178
241
190
226
222
200
190
169
214
232
172
177
175
235
189
212
233
168
231
217
227
225
218
194
186
172
207
217
164
168
157
171
177
202
156
158
187
216
214
198
183
162
196
155
179
189
166
210
227
198
166
233
204
220
193
160
222
170
199
221
201
266
193
302
203
242
160
222
213
233
227
166
221
164
165
236
222
215
221
181
209
228
220
240
218
181
157
234
193
175
203
211
200
173
224
212
220
165
245
169
194
242
217
165
229
234
253
168
167
182
154
239
190
158
224
251
229
180
213
179
224
163
170
243
221
258
218
172
226
183
234
258
161
170
211
211
197
251
250
245
166
179
181
239
205
199
223
201
196
241
189
184
221
252
197
168
209
227
159
223