D4 150
164
149
143
145
148
166
163
161
157
168
161
163
165
147
166
149
163
163
175
161
177
160
177
160
144
147
150
165
164
159
164
177
153
171
163
163
147
147
149
164
151
157
147
211
162
156
163
149
170
157
155
158
148
146
160
146
162
155
175
169
175
158
156
163
146
158
158
156
151
163
145
155
160
162
155
155
157
160
162
155
153
155
226
175
171
150
164
161
148
142
164
164
210
160
145
147
148
160
147
163
163
178
148
157
162
152
166
145
148
146
156
161
147
177
150
153
162
148
163
161
161
149
145
164
145
179
161
178
163
162
162
214
162
164
149
179
164
148
181
149
155
211
146
180
162
164
159
156
149
165
168
163
165
152
158
150
162
161
164
177
152
151
147
145
161
174
147
173
159
169
153
173
147
156
157
144
169
164
143
161
208
175
149
160
161
162
161
153
163
178
173
152
146
164
148
154
145
161
146
152
161
155
147
152
147
151
146
155
152
164
162
164
149
167
149
152
157
150
149
163
145
157
146
149
150
180
145
146
178
148
161
154
147
146
148
168
159
165
161
159
161
157
146
152
163
164
147
182
164
160
146
148
168
149
163
148
153
159
182
161
162
158
161
162
157
161
163
153
165
163
159
163
181
151
146
157
160
160
196
146
150
145
177
151
158
161
157
146
197
159
161
157
152
145
166
143
161
159
145
163
152
148
160
158
157
147
157
152
153
178
161
151
159
153
161
158
154
153
164
156
159
153
147
186
154
154
146
145
147
160
154
151
148
156
146
161
147
162
155
163
147
152
160
162
161
159
147
164
162
153
178
150
147
162
166
175
149
161
160
166
163
192
150
162
161
165
151
158
165
153
168
162
166
156
191
156
187
172
179
163
161
148
182
181
164
156
156
167
150
150
149
158
149
143
158
146
146
151
160
189
147
152
152
151
149
160
162
147
155
163
158
181
161
160
157
184
165
158
192
152
146
149
159
162
154
178
162
165
147
145
156
164
160
164
158
154
147
145
161
147
154
159
163
145
151
145
160
163
162
151
148
169
159
158
147
163
147
173
156
165
163
160
148
161
258
156
157
147
152
155
161
154
164
149
156
177
148
160
162
148
163
150
157
177
178
166
150
162
161
180
159
162
163
146
160
145
159
163
164
175
158
151
179
163
144
161
163
162
162
156
156
153
159
223
150
158
179
158
147
158
161
169
154
147
147
171
144
159
167
176
146
153
159
155
149
154
145
154
158
187
161
157
157
152
157
156
163
161
178
178
159
162
180
163
157
158
153
178
145
178
146
151
190
160
146
161
145
186
158
158
162
155
156
157
163
149
147
147
158
163
148
178
165
152
161
162
159
162
169
160
169
150
164
164
168
146
167
163
161
166