D1 150
11
14
18
23
17
21
17
15
16
16
18
15
14
9
16
15
19
21
15
20
19
17
16
23
9
17
15
13
12
16
16
19
5
11
18
14
17
17
13
7
20
13
16
10
16
13
14
16
13
20
20
16
14
17
14
9
16
18
25
15
15
18
6
12
16
17
12
25
16
15
21
10
14
9
15
18
15
15
21
20
15
16
11
19
15
21
14
12
15
15
15
16
14
17
19
11
18
15
11
13
20
14
13
8
13
10
9
20
19
18
11
7
17
19
20
11
20
20
14
18
21
17
11
13
14
15
10
17
11
19
22
20
8
16
9
19
19
16
15
20
14
17
12
11
13
16
22
16
12
13
17
21
15
7
15
19
14
23
11
22
13
20
13
21
19
15
19
16
16
16
25
21
16
19
20
16
18
22
16
11
8
9
12
16
15
23
18
17
19
15
14
17
23
15
18
16
16
10
15
18
15
17
14
16
16
15
14
15
17
16
6
17
20
18
18
18
16
18
20
15
15
15
15
17
18
10
8
14
13
21
17
13
17
7
20
10
15
15
16
15
14
16
17
15
18
20
15
16
15
16
16
13
12
16
19
23
14
17
19
16
15
6
18
16
11
14
20
20
15
11
16
7
15
19
22
17
19
17
23
18
20
16
8
12
18
13
9
18
12
10
11
18
19
29
15
8
8
18
14
8
22
10
16
20
19
11
17
19
20
14
16
17
15
11
16
16
17
15
11
13
8
12
16
17
9
10
15
14
21
19
16
13
15
16
19
6
22
16
21
15
16
24
19
18
16
17
20
7
19
16
10
22
21
12
17
17
13
14
18
16
17
19
11
18
16
15
7
16
17
22
15
14
16
14
10
18
22
10
7
7
22
15
21
22
13
8
20
18
21
19
18
20
18
19
18
19
22
19
18
19
23
16
18
16
19
14
19
13
17
19
12
15
15
11
17
9
17
8
22
20
19
21
18
17
16
22
15
16
15
8
10
15
18
11
8
11
14
17
15
20
20
15
14
16
12
20
15
18
17
16
16
18
16
17
13
13
21
15
18
15
22
15
21
18
25
14
15
13
22
14
16
21
7
16
17
16
13
17
8
13
12
8
23
19
22
19
14
7
17
15
19
15
16
7
8
22
15
6
15
20
14
18
22
15
17
17
15
21
17
12
10
19
18
23
28
23
16
17
16
21
15
15
11
17
18
18
19
17
20
16
16
11
19
19
15
15
15
23
12
14
12
16
11
15
10
7
15
16
12
21
16
14
26
14
15
10
14
22
14
16
12
16
15
17
21
16
8
23
17
22
20
16
14
17
18
18
13
19
17
17
20
16
16
13
20
16
16
16
12
20
18
18
10
16
17
20
16
15
16
20