D3 1000
1013
1006
1017
1012
1012
1015
1006
1012
1002
1006
1016
1005
1018
1016
1018
1018
1001
1007
1010
1012
1004
1013
1018
1019
1002
1013
1013
1018
1007
1018
1007
1008
1006
1007
1019
1017
1007
1019
1016
1018
1016
1019
1013
1011
1012
1004
1002
1007
1012
1018
1017
1008
1021
1001
1017
1010
1013
1019
1005
1016
1032
1010
1013
1004
1014
1016
1007
1010
1016
1006
1003
1011
1005
1010
1013
1015
1003
1017
1006
1005
1009
1017
1017
1003
1012
1018
1015
1015
1004
1017
1017
1001
1014
1001
1013
1017
1018
1020
1009
1012
1005
1003
1011
1014
1012
1001
1008
1017
1011
1018
1016
1016
1016
1007
1004
1013
1016
1010
1001
1007
1011
1006
1017
1017
1008
1016
1003
1016
1007
1008
1003
1011
1020
1017
1001
1002
1016
1008
1011
1002
1017
1016
1016
1017
1008
1017
1008
1017
1007
1017
1016
1016
1031
1006
1017
1004
1017
1012
1015
1002
1020
1008
1017
1015
1015
1017
1018
1016
1016
1016
1009
1018
1014
1016
1011
1015
1015
1016
1009
1001
1019
1016
1018
1016
1010
1007
1017
1016
1016
1011
1013
1012
1003
1008
1005
1014
1012
1001
1015
1015
1019
1017
1005
1016
1015
1015
1012
1017
1016
1018
1017
1016
1016
1008
1005
1015
1017
1006
1010
1018
1024
1015
1006
1011
1016
1017
1015
1016
1010
1014
1012
1001
1016
1015
1009
1016
1007
1005
1016
1005
1010
1017
1002
1016
1008
1001
1002
1018
1008
1018
1007
1001
1008
1018
1007
1016
1013
1012
1014
1050
1016
1017
1002
1017
1015
1006
1010
1014
1003
1019
1021
1004
1011
1012
1014
1018
1017
1018
1017
1019
1008
1016
1016
1018
1003
1065
1005
1008
1016
1011
1019
1017
1017
1018
1006
1013
1005
1007
1006
1015
1006
1014
1004
1017
1011
1012
1018
1008
1010
1002
1013
1003
1016
1017
1010
1019
1005
1007
1014
1018
1017
1010
1012
1017
1012
1009
1018
1016
1020
1016
1014
1014
1014
1005
1007
1017
1016
1017
1012
1015
1016
1014
1009
1011
1000
1012
1006
1009
1003
1007
1017
1016
1007
1009
1012
1005
1011
1018
1008
1011
1015
1003
1011
1016
1016
1010
1014
1002
1006
1018
1009
1013
1008
1014
1009
1016
1046
1015
1004
1017
1017
1009
1014
1009
1004
1017
1038
1012
1017
1005
1017
1005
1007
1019
1006
1011
1019
1009
1002
1017
1017
1017
1013
1013
1008
1005
1018
1006
1012
1013
1002
1016
1012
1008
1017
1015
1006
1019
1016
1018
1014
1011
1007
1017
1018
1014
1017
1018
1006
1008
1010
1014
1012
1016
1005
1018
1020
1002
1014
1018
1017
1017
1014
1016
1012
1006
1017
1014
1017
1004
1008
1016
1018
1009
1018
1001
1019
1015
1012
1016
1007
1007
1017
1001
1011
1020
1020
1016
1008
1015
1016
1004
1003
1017
1013
1015
1017
1004
1017
1014
1014
1014
1010
1008
1009
1005
1017
1017
1006
1002
1011
1018
1015
1018
1018
1010
1015
1007
1009
1005
1018
1013
1017
1016
1017
1009
1012
1006
1008
1009
1013
1017
1018
1017
1017
1006
1008
1010
1014
1018
1003
1017
1005
1014
1016
1008
1019
1006
1011
1017
1008
1003
1003
1009
1012
1001
1006
1017
1001
1011
1014
1017
1010
1016
1010
1004
1016
1017
1011
1016
1015
1016
1018
1008
1009
1017
1018
1016
1017
1017
1018
1011
1004
1016
1016
1016
1011
1003
1005
1009
1013
1036
1013
1014
1002
1016
1010
1009
1014
1011
1006
1004
1016
1010
1010
1016
1017
1008
1016
1003
1017
1009
1006
1010
1017
1007
1012
1002
1018
1019