D4 1000
997
996
1011
996
997
998
1012
996
996
997
995
994
995
997
993
1011
996
995
997
998
1012
996
997
998
1012
998
997
996
1013
995
997
999
995
995
996
1012
998
1010
995
999
1014
998
996
995
999
997
1010
997
998
998
1011
996
998
1014
1014
997
999
998
998
996
999
995
994
1009
1001
994
995
996
995
996
1012
1012
1010
996
994
996
1008
995
995
994
995
995
1007
996
998
1010
996
995
997
1010
997
995
995
1011
1010
994
993
994
994
995
994
1009
996
1015
997
996
998
1011
997
996
998
997
995
998
995
995
1012
1012
994
998
1009
997
996
994
996
1010
994
995
998
1011
997
999
1013
1010
996
994
997
996
994
996
996
996
1012
995
997
995
995
999
997
998
997
1010
996
994
1013
1011
995
1011
995
1012
995
999
998
1012
998
1014
996
1012
996
998
1015
996
1011
997
996
996
997
994
999
994
1012
1012
997
997
999
1012
1013
998
999
1013
1012
999
1008
996
996
1011
995
996
996
992
994
996
997
1012
997
999
994
994
994
993
996
996
994
996
996
995
1009
994
996
1011
1029
996
996
1012
994
995
994
996
997
1009
996
995
997
999
997
998
1012
998
995
997
997
995
1014
995
998
1014
996
996
996
1011
996
1009
998
996
997
1011
996
997
1013
1010
1011
995
996
997
997
997
997
996
1012
1000
1013
997
996
999
999
998
997
997
998
1012
998
1012
997
996
997
1001
996
1013
996
995
995
998
996
1012
1010
995
995
996
1023
997
997
999
998
1008
1014
996
996
994
998
1012
996
995
996
999
997
1012
1010
998
1011
1011
1011
1009
994
1011
1009
995
994
997
1011
1010
996
997
1010
995
995
995
996
1002
995
995
996
1011
1013
998
1012
1011
997
1002
995
996
995
996
995
995
997
1000
996
1015
995
995
993
995
996
995
1002
998
995
997
1011
997
995
996
1010
995
996
996
1028
998
998
997
995
995
997
996
996
995
1015
997
997
1013
997
997
997
998
997
1015
1013
998
997
998
1001
996
998
1012
997
998
995
996
999
996
1014
998
998
996
1014
1016
1013
996
998
1009
1009
994
995
996
1009
1000
996
1011
1012
996
993
997
1009
1011
994
1010
993
995
994
1009
995
1010
1013
1013
1018
995
994
994
994
1010
994
996
1011
996
1014
998
1012
996
1010
994
997
995
997
1010
995
996
998
996
1013
993
996
997
1010
997
995
996
1012
997
998
994
994
994
1011
1061
994
1009
996
996
997
1010
996
996
997
1014
995
996
995
996
1012
996
998
996
1011
995
999
997
1013
996
998
997
998
997
999
997
997
997
997
1013
996
1013
1011
997
1010
1012
996
998
994
995
999
998
996
997
997
998
998
996
1011
995
995
997
994
1009
1012
997
997
1010
996
998
1011
995
995
994
993
1011
1009
995
997
996
1010
995
996
1014
997
998
998
997
997
993
998
994
993
995
1010
998
997
1011
997
998
997
995
1010
997
994
998
1011
997
996
998
997
995
997
996
996
997
1012
996
996
1011
997
995