D3 150
169
176
170
138
144
163
160
146
174
164
149
170
158
149
174
171
147
172
181
172
169
147
171
149
172
164
156
149
171
145
171
172
176
151
173
159
148
170
161
147
142
175
168
136
156
174
149
159
170
173
172
148
170
138
167
163
148
166
168
149
159
172
170
160
159
168
162
150
158
173
167
161
169
161
169
170
158
170
164
169
165
170
174
166
150
157
168
171
160
171
169
168
166
170
146
170
165
144
169
173
173
159
159
161
148
166
174
165
169
158
168
161
152
149
172
151
171
144
162
147
168
164
165
176
143
171
144
145
171
169
144
177
169
142
141
146
145
174
165
148
149
174
151
177
172
174
171
171
169
145
146
144
143
175
174
168
141
160
150
151
161
150
152
184
166
143
142
174
142
145
143
147
170
162
168
175
145
150
165
175
147
163
171
168
143
149
160
171
153
167
166
144
143
169
174
145
156
174
169
147
146
144
143
149
172
143
143
158
156
172
140
175
172
144
169
169
170
170
168
153
141
169
145
157
144
167
150
145
165
144
150
147
145
170
139
147
151
171
142
147
142
156
149
147
144
144
147
149
147
139
144
154
146
149
141
176
139
157
144
167
173
173
148
155
173
148
148
157
168
164
139
176
137
174
174
146
154
176
171
164
167
149
173
143
168
169
173
161
131
160
160
178
146
162
169
170
149
168
141
144
171
170
170
169
145
170
149
149
168
175
149
160
163
175
151
167
157
168
166
170
171
162
166
164
174
166
155
159
147
167
166
156
162
146
146
163
162
137
162
143
163
150
163
146
144
159
143
144
159
149
154
146
166
146
144
163
162
156
174
146
146
170
146
162
161
147
171
171
149
150
173
171
148
147
147
148
153
161
172
144
146
173
168
159
144
140
134
173
171
141
167
146
167
173
176
148
171
173
145
170
159
170
146
173
145
164
141
145
144
157
164
150
173
163
153
162
163
172
150
169
170
171
160
161
161
173
170
148
173
161
162
167
172
173
170
136
161
170
170
157
161
160
167
148
173
143
151
162
172
159
163
171
166
173
170
166
163
146
164
147
145
166
163
145
165
172
151
149
146
170
149
167
161
149
162
162
168
151
147
142
175
147
149
145
138
174
173
164
149
172
160
168
143
177
128
163
147
155
169
148
176
133
167
146
149
143
170
173
141
155
141
156
169
170
169
150
144
172
143
156
166
155
174
151
148
175
150
159
162
159
173
143
165
164
170
173
157
151
172
159
161
157
161
139
162
172
172
165
163
160
169
175
162
133
147
169
165
169
164
163
167
136
171
145
169
142
167
145
147
161
155
164
171
138
146
154
168
143
149
149
161
141
157
158
153
162
170
171
170
174
144
154
147
172
148
162
145
167
144
168