D4 150
184
182
184
181
180
183
181
183
181
180
183
182
184
180
182
183
198
184
181
183
184
212
182
181
181
184
180
197
181
214
183
182
182
181
181
183
179
185
182
183
179
179
183
180
181
181
180
183
181
179
182
197
183
185
181
184
197
181
179
178
185
182
185
184
180
183
181
201
182
182
183
184
184
183
182
184
200
180
181
182
182
182
182
181
180
182
179
183
181
181
182
182
182
181
179
182
182
182
183
182
184
181
181
180
183
184
182
183
183
181
183
180
181
181
181
183
181
181
185
182
185
180
182
179
198
180
180
183
181
181
180
180
185
180
181
180
181
183
181
178
181
180
182
181
183
185
181
183
181
180
183
180
183
182
180
185
179
185
179
181
184
173
181
181
183
182
181
184
179
177
180
182
184
182
179
182
180
183
183
180
181
182
181
183
180
199
183
184
183
183
183
182
182
182
183
183
182
182
184
199
183
180
182
181
183
180
183
184
199
182
183
181
182
180
180
183
181
184
181
183
183
182
200
199
182
184
180
183
182
179
184
181
182
182
181
183
180
182
182
173
197
184
184
180
177
181
180
181
180
181
180
180
182
180
182
184
180
184
180
180
184
182
183
184
181
183
180
184
181
181
183
182
182
182
182
182
179
181
181
182
181
196
184
181
182
182
182
182
182
181
184
182
199
182
182
185
181
182
179
199
185
183
184
181
178
183
196
183
181
181
199
183
183
182
180
183
182
182
183
183
183
181
182
183
181
183
184
182
198
182
182
182
183
200
182
184
181
179
183
180
182
198
184
182
198
183
180
176
184
177
185
196
185
181
179
185
181
183
183
179
183
181
182
185
183
184
179
182
197
179
182
180
199
182
183
197
180
184
182
183
180
181
185
196
181
180
177
182
181
178
184
179
184
181
181
180
178
183
181
180
186
181
182
182
182
183
177
181
180
181
180
199
184
181
199
184
182
183
198
183
185
181
184
183
183
183
181
182
182
184
182
182
181
182
180
177
182
183
182
182
182
183
184
182
182
182
198
184
184
182
183
181
182
184
179
181
180
199
181
182
197
185
184
197
180
184
181
199
196
179
180
182
184
197
180
183
181
199
197
177
183
181
183
199
183
184
183
184
198
181
185
182
200
183
177
185
196
182
181
183
184
178
185
183
180
181
182
183
181
180
183
181
184
183
178
181
179
183
197
181
182
179
184
197
178
183
180
182
182
184
182
198
182
185
181
181
181
199
183
184
182
182
184
183
183
182
181
181
181
182
182
183
184
183
182
182
181
185
183
181
183
181
184
181
199
184
184
183
181
180
197
182
184
182
197
178
183
180
178
179
182
180
214
180
197
181
182
182
183
181
196
180
179
180
179
182
196
185
214
181