D3 1000
992
990
989
987
998
1004
989
1015
1002
1016
990
1007
1001
997
999
992
995
991
995
996
1006
996
988
998
1000
1002
1002
988
991
1008
998
1003
989
989
991
987
990
1012
1018
995
999
1017
987
987
986
1005
990
995
994
1019
999
994
1003
994
1005
1007
1011
1016
1003
993
995
997
994
998
998
993
1006
1006
991
1018
1016
1005
989
1013
1002
989
1001
1001
989
992
991
1015
999
999
1002
989
1017
990
995
992
1002
992
1005
998
998
995
991
991
997
1001
1000
1013
1002
998
998
991
994
999
1007
992
991
1017
999
1004
991
1000
1000
1020
986
1014
998
998
999
996
1007
997
1003
1017
1009
998
995
988
1000
1007
1001
1002
1007
1001
1001
1016
1000
1022
990
1017
996
991
993
994
1000
1027
989
1007
991
1009
999
996
989
1007
1003
990
995
989
1010
990
989
992
998
1002
1013
999
990
990
1006
991
995
990
1001
994
990
998
990
997
1006
999
987
1017
1008
988
1009
1005
1011
1003
1011
990
998
1000
1002
1000
992
1001
990
999
992
998
993
999
1000
993
992
1008
992
1002
993
1005
987
1003
999
995
988
995
986
990
998
1018
1011
1006
993
998
1011
994
1007
1010
993
1001
1012
996
988
992
992
994
1014
1010
1007
992
1003
1000
992
987
992
1006
985
1000
1000
1008
1016
1003
993
1010
996
990
1007
987
991
1009
1002
991
988
1005
1014
994
989
1006
1001
988
986
989
996
1000
986
991
1001
992
988
998
996
987
1011
990
1001
991
988
997
1016
1006
1016
990
1009
1002
995
997
1003
993
990
1002
993
996
1018
1016
999
987
1002
1003
994
989
1000
1004
994
993
1001
991
1016
990
999
1008
1009
1002
997
1003
988
999
997
995
1001
1004
1010
1013
1000
1006
1002
1000
1004
992
988
1004
1010
995
1011
996
991
998
987
996
1004
1011
989
991
995
988
1001
992
998
994
1011
998
1007
1015
995
991
1002
992
1003
992
989
988
1000
993
1007
995
992
1022
998
1011
996
1003
991
1002
1004
996
988
996
1006
988
989
991
1006
1013
987
994
995
988
1014
1002
1017
996
1003
989
995
996
1016
1011
991
1003
997
990
1006
1009
993
994
997
987
1005
1002
997
1006
987
1002
992
1002
989
1012
994
988
1018
987
996
993
1004
1000
1013
998
993
994
1001
1000
1000
993
992
1001
987
993
998
993
989
1003
994
1007
1008
989
986
990
989
992
986
989
1000
1019
994
990
1012
992
993
1006
1019
1019
999
996
986
1000
988
990
1010
995
1002
990
993
1001
991
994
1003
1004
1001
1004
1000
993
990
995
997
1012
1007
996
991
1004
1004
1001
1002
1016
1007
1005
1019
1012
1014
994
1006
997
1020
988
990
997
996
1020
992
994
998
988
988
992
1014
1019
995
998
987
998
1009
997
1000
993
1007
1003
998
998
1010
999
989
990
995
1003
1003
998
991
1012
1016
1013
1000
999
996
993
990
989
990
1000
1011
1000
991
1002
995
994
990
997
992
989
1013
1000
1006
991
1017
997
999
1018
992
1017
998
991
1000
1009
998
998
988
988
1003
1000
999
994
988
1013
1005
1001
995
1012
990
992