D3 150
198
148
180
172
173
180
183
166
172
172
178
182
168
153
186
172
190
193
179
166
176
189
191
164
193
160
176
186
163
178
164
184
182
168
186
167
179
185
172
174
165
167
156
176
172
156
191
189
165
167
167
174
165
184
186
167
163
151
174
169
154
151
177
164
169
152
194
180
191
177
189
171
153
190
170
152
178
159
165
188
172
190
158
186
173
190
174
181
163
167
156
190
149
193
160
166
166
181
194
187
174
152
154
159
160
171
157
175
168
169
156
182
177
190
175
162
178
157
170
157
157
159
159
179
164
187
170
166
168
158
165
180
159
161
165
171
168
166
197
176
164
181
184
165
174
188
172
173
181
165
165
182
201
169
154
151
188
186
170
168
168
155
181
174
161
177
160
194
152
184
168
179
169
153
188
173
161
164
182
186
189
166
172
155
166
183
174
177
171
189
170
171
153
170
178
179
182
191
171
174
233
152
153
170
169
165
163
152
154
157
184
174
151
169
161
195
196
179
164
178
153
185
166
186
152
154
170
197
171
159
151
175
154
178
197
170
179
178
178
179
197
176
182
149
168
151
154
191
168
196
181
160
174
164
178
162
150
174
176
165
168
178
150
168
151
168
149
151
150
167
194
155
155
172
173
163
165
191
163
173
166
156
173
174
172
174
159
169
171
173
175
165
191
159
150
179
163
183
185
167
180
178
172
172
167
193
153
167
169
174
150
201
170
171
163
194
163
194
170
155
193
176
173
176
179
176
196
163
174
173
148
180
165
192
166
167
173
157
167
164
170
173
151
171
159
157
149
173
154
181
178
196
178
194
173
153
175
161
180
185
169
175
170
161
175
160
182
173
184
191
164
162
177
166
169
180
173
190
159
188
174
155
182
150
167
177
176
165
150
184
170
171
165
175
156
154
156
176
158
190
150
187
172
166
180
175
175
172
155
155
155
150
149
165
187
155
169
170
170
168
166
167
154
173
150
168
151
179
161
177
155
169
168
150
167
182
163
180
177
200
181
181
154
171
182
182
173
190
183
167
178
164
189
179
155
166
179
165
181
150
183
174
176
159
158
157
181
168
151
169
166
174
168
179
166
167
194
163
166
186
179
178
166
166
192
158
184
167
175
169
169
171
171
164
166
184
172
173
159
174
175
182
176
175
153
175
214
188
167
152
166
176
149
167
170
167
178
164
148
167
171
169
169
194
175
149
186
160
168
167
179
153
165
179
181
176
163
153
153
166
193
190
192
188
193
177
177
174
181
162
163
168
185
162
186
169
173
158
176
154
165
173
188
169
176
162
171
187
180
165
149
165
164
161
174
161
231
175
151
152
154
182
176
164
164
155
175
170
192
177
163
175
159
170
159
184
164
163
174
179