D4 150
164
165
148
165
165
149
149
164
165
148
148
148
149
149
149
148
149
148
149
148
165
149
164
148
164
165
165
149
148
148
163
165
165
149
165
165
148
148
148
149
165
148
148
149
164
148
148
148
148
149
148
149
148
149
149
149
165
163
148
148
148
149
148
163
165
148
166
148
151
148
165
149
165
151
165
166
148
164
148
148
149
165
181
164
163
149
149
149
149
164
148
149
149
165
163
165
150
148
148
149
163
166
150
163
164
166
148
149
180
165
164
167
148
148
148
148
163
165
148
148
148
166
166
148
165
148
148
149
148
165
165
148
165
165
180
164
148
148
165
165
182
151
180
165
165
163
149
165
165
148
165
148
166
148
165
148
148
163
148
149
149
148
150
148
148
165
165
148
149
149
163
148
150
148
146
148
148
165
150
149
148
148
163
148
165
148
164
148
165
148
165
148
148
148
148
150
168
165
148
165
166
149
149
148
165
148
165
148
149
148
165
149
149
148
165
165
165
148
165
163
150
149
167
149
148
149
165
165
148
148
165
167
148
149
166
163
148
165
149
149
148
164
165
148
148
164
165
164
165
149
166
165
165
165
165
165
165
165
166
148
165
148
148
149
148
149
149
148
149
166
163
148
148
166
148
181
148
148
165
148
148
148
149
165
180
148
165
165
149
165
164
165
151
148
148
165
165
151
162
165
146
165
148
150
165
148
148
148
165
148
148
148
166
148
149
148
164
148
165
166
182
164
166
149
166
149
149
166
166
149
148
166
150
167
165
162
149
181
147
148
181
163
148
165
150
150
165
148
149
163
165
149
165
149
149
149
165
182
149
149
150
148
149
150
150
148
166
148
149
150
148
165
163
148
164
148
148
165
148
149
148
149
148
148
165
148
179
148
148
165
148
165
148
165
148
149
150
148
165
165
163
148
148
148
149
165
149
149
165
165
149
165
148
165
147
148
167
163
149
149
148
164
166
165
149
165
165
148
150
182
148
148
148
148
149
150
148
163
167
148
165
148
165
164
166
150
165
148
164
148
149
167
167
149
166
148
165
165
150
165
163
165
148
165
165
166
165
148
165
148
165
148
148
148
164
148
166
165
148
149
148
148
181
148
150
149
165
148
163
148
148
148
166
182
149
149
148
148
148
148
165
148
166
149
148
149
149
165
165
148
148
164
148
148
165
148
165
148
148
165
149
165
149
148
166
163
164
148
166
148
165
148
165
149
151
150
165
148
149
149
148
147
149
166
148
181
148
181
165
165
148
165
149
164
165
165
149
150
165
164
150
148
149
165
165
165
165
163
148
164
165
165
166
165
165
165
159
165
149
148
149
165
150
165
148
164
177
147
151
148
165
165
182
148
165
165
150
166
165
165