D3 400
415
417
414
426
403
396
401
423
409
417
419
414
398
417
402
426
419
404
405
424
423
408
415
414
429
419
416
415
402
409
416
425
426
426
426
419
402
399
427
399
405
400
421
421
409
424
426
398
417
418
423
409
436
417
399
416
402
412
427
429
409
398
403
428
430
398
430
411
412
416
403
424
427
409
430
435
405
408
397
411
430
429
412
398
412
420
428
397
401
425
429
428
416
397
407
416
419
430
429
426
426
425
425
413
413
412
426
398
401
430
414
417
402
409
409
401
403
438
417
406
416
416
419
402
402
415
420
402
426
424
399
399
400
430
429
401
415
418
407
409
410
428
431
415
399
415
412
399
416
420
410
427
412
413
417
420
435
429
412
414
397
424
424
423
422
424
410
415
423
416
401
421
419
412
422
408
424
425
426
430
441
424
425
429
429
398
413
428
426
398
416
414
397
404
400
402
422
428
427
412
407
424
413
417
400
419
410
427
405
399
405
429
414
398
418
418
425
424
399
445
413
414
428
422
422
412
413
413
405
399
395
419
400
414
400
404
400
419
429
403
404
414
428
405
416
420
410
423
426
430
408
401
407
418
423
429
425
405
401
427
409
424
415
402
410
414
405
406
408
409
413
412
426
411
410
405
418
417
427
431
410
419
399
411
421
399
416
419
413
413
432
426
412
397
429
427
425
423
428
405
422
413
405
412
423
423
424
428
423
416
419
410
409
405
425
428
398
428
426
416
423
421
410
420
420
417
402
404
470
418
427
431
412
423
417
434
415
410
414
425
406
427
397
407
401
428
397
398
417
418
404
413
401
411
419
403
414
399
416
416
423
417
402
416
400
416
425
409
398
398
433
418
416
414
416
400
412
404
418
428
406
401
419
412
424
424
424
408
416
418
405
405
413
414
413
440
423
417
418
401
428
411
412
422
400
398
412
423
399
416
402
428
406
425
422
413
411
423
407
406
405
410
428
420
422
411
408
401
417
428
409
420
412
411
413
413
414
407
400
400
418
402
399
402
415
425
425
409
418
402
411
428
428
414
405
427
425
403
400
426
428
411
411
403
427
400
409
421
427
418
408
429
415
407
440
397
415
400
419
403
409
416
417
413
404
424
422
414
419
406
412
414
414
404
409
412
408
421
415
423
414
416
397
426
427
429
435
398
419
419
412
427
403
399
415
410
412
420
408
400
427
413
421
427
401
419
417
426
417
428
410
413
402
419
428
398
422
421
405
414
398
402
427
426
418
402
401
429
444
405
415
427
411
415
418
417
409
408
423
422
404
428
418
417
418
415
419
427
406
405
414
422
423
405
398
427
429
426
428
417
404
414
412
415
418
418
411
397
400
428
423
416
402
412
409
405
422
420
398
436