D4 400
400
416
400
416
416
431
399
417
399
416
399
399
415
416
399
417
415
399
416
432
416
416
399
416
416
416
400
416
400
416
400
400
417
431
416
416
416
416
400
416
399
400
400
400
399
417
400
414
399
416
416
399
416
416
399
399
399
415
415
416
415
414
416
416
399
399
415
416
416
415
415
400
415
415
416
399
416
416
399
399
416
416
399
416
414
415
399
417
400
416
416
417
416
399
414
400
416
416
415
416
416
400
417
416
416
399
416
399
400
400
416
415
414
399
399
416
415
399
399
416
416
417
416
399
399
400
414
399
400
416
399
415
399
416
416
415
416
414
416
399
414
416
416
400
416
416
416
399
416
415
399
416
416
399
416
416
416
399
399
416
416
416
416
414
416
400
399
415
416
416
416
400
399
399
417
399
400
415
399
416
431
416
417
416
416
416
416
399
400
399
415
432
399
400
399
416
399
415
416
399
431
399
399
399
415
416
416
417
399
399
416
415
416
399
415
416
416
399
399
400
416
400
417
416
399
399
399
416
414
399
399
416
416
417
416
399
399
431
417
416
416
416
399
399
416
416
399
400
416
398
415
415
400
416
399
430
400
399
399
417
399
399
416
399
400
431
416
399
416
397
399
399
416
400
399
399
400
402
399
413
416
399
416
417
417
399
416
400
399
416
399
417
399
416
416
416
399
416
416
416
399
416
414
399
416
416
399
400
417
416
400
399
399
400
416
398
414
400
416
416
416
417
416
399
400
416
399
399
407
400
414
416
399
416
416
415
416
416
416
399
399
417
416
399
414
416
400
416
418
416
416
418
416
431
416
399
400
416
416
418
400
400
399
399
416
399
400
431
399
398
399
400
416
400
415
399
400
400
416
416
400
415
416
416
416
414
415
399
418
416
430
399
416
415
417
399
414
415
416
400
416
399
416
416
415
416
399
412
400
414
399
400
399
399
416
400
416
412
399
416
400
400
416
416
417
399
399
399
415
399
416
416
414
399
399
416
400
416
416
399
415
414
399
399
416
416
416
399
399
399
399
400
400
399
399
432
400
399
399
416
416
416
399
399
401
415
416
417
399
414
416
417
400
399
400
400
400
416
399
416
399
416
416
431
399
416
416
417
416
416
399
416
415
399
399
416
416
400
416
416
416
416
416
399
399
417
414
400
416
400
399
399
399
416
417
399
416
416
399
399
399
399
416
417
400
416
414
416
400
414
400
399
416
399
416
399
417
416
399
416
416
417
418
414
416
415
416
415
399
400
399
417
399
416
416
430
416
414
416
416
399
417
400
400
399
400
414
416
399
399
399
399
399
399
416
400
400
416
416
416
431
416
399
418
400
416
414
416
399
416
399
416
416
399
414
416
416
416
400
400