D3 1000
1004
1001
1012
1002
1014
991
1002
1003
1019
1017
1001
993
1000
1010
995
994
1009
1012
1002
996
1001
1016
1012
1018
1006
1017
1018
994
1018
1033
1018
1018
998
1002
993
1017
989
994
994
1002
1017
989
1011
1001
1010
1016
1030
1012
1002
994
1037
1016
1001
1017
1010
1018
1004
1011
998
988
1001
1019
1009
988
1014
1050
1009
988
1013
1006
1015
1016
1018
1003
1008
991
1003
1017
1002
1005
1002
996
1011
987
1000
993
1005
1010
1017
1019
1017
1014
1002
1017
1011
1009
993
1007
1019
1018
1011
1002
991
1003
1017
997
1004
1017
991
1002
1018
990
1020
1019
1002
1036
1007
1015
1005
996
1009
1011
1002
992
1020
1017
1005
1032
1018
1018
1016
1015
1011
1002
1002
1002
992
990
1001
1018
1001
1015
1006
1014
1003
1002
1001
1019
1028
1011
996
1006
1030
1001
1003
1004
1032
1002
991
1018
999
1020
988
998
1015
1012
995
992
1012
1022
1002
993
1004
1020
1016
1009
1007
995
1001
989
1034
1018
1001
1017
1000
1020
990
1010
1002
991
1033
997
1018
1000
1006
1008
1006
1031
1004
1012
1001
1022
1000
995
992
988
998
995
1004
1027
1013
1017
1003
1032
995
1005
1001
1016
1001
1008
1018
1034
998
1000
1002
1003
994
1002
991
987
1001
992
990
1004
1019
1001
991
1033
1001
1003
1017
1007
1002
992
1010
1000
1001
1007
1018
1017
1035
1016
1018
1001
1012
1001
1003
1011
1010
1016
1017
1020
999
1001
995
1013
1014
991
1002
987
1022
1016
990
998
1011
1012
1034
1019
1032
1017
1010
1002
1022
1021
1019
1018
995
994
993
1002
1025
1013
1002
991
1015
999
1027
1003
1029
1001
1019
1013
1009
1016
1015
1001
988
989
1002
1005
1017
1012
1012
1005
1035
1001
1001
996
1004
1010
1020
1001
993
1001
996
993
1018
1028
1001
993
1018
1001
991
991
992
1014
991
1019
1019
1019
1013
1009
1016
1033
1016
1014
1019
1002
1018
994
995
1032
988
1017
990
1033
1021
1008
1006
1001
1011
1007
1013
1032
1008
1013
1004
1017
1013
1019
1006
1026
1014
1013
1011
1007
1027
1016
994
1017
1002
992
1019
1017
1002
1013
1002
1016
991
1026
1032
1005
1017
990
1018
1017
1002
987
1002
1019
1014
1010
1000
1025
1017
1034
1005
1012
1001
996
989
1016
1014
1004
1011
1018
989
1007
1016
989
1018
995
1009
998
999
989
1012
1015
1018
1004
1012
1001
988
1017
990
1016
1014
1027
1003
1034
1010
989
1011
989
1017
994
1010
999
1016
1003
1019
1018
1026
1015
1008
1004
1008
994
1002
991
1003
1011
1014
1000
994
1003
990
1018
999
1027
1018
1015
1017
1015
991
1001
1017
997
1008
1009
1001
1002
1017
992
1014
1013
1002
1018
1014
1009
1003
1016
1033
1002
1010
1018
1014
993
1019
1005
1010
1001
1018
998
1018
990
988
1021
1016
1005
989
1010
1008
1019
1001
1009
1033
1012
995
1004
1024
1008
1017
1017
1000
1044
992
989
1015
1013
1002
1016
1032
993
994
1006
1012
994
1006
1008
1008
1000
992
1024
1004
1009
1010
991
1017
993
1010
1021
987
990
1017
1012
1020
1013
1010
1006
1017
1001
1002
991
1017
992
1013
1001
1017
1006
1018
996
1035
1001
1001
994
999
1013
997
1001
1004
1014
1011
1007
991
1001
1002
1019
1011
1019
1006
1008
1018
1000
1019
1013
1018
1019
1018
1019