D4 1000
1001
996
999
1000
1015
1017
1000
1000
1010
1017
996
999
1011
1012
993
999
1016
993
1011
994
1027
1010
1015
997
1016
1011
1012
999
995
1016
1012
998
1015
996
1016
1017
999
1010
994
1000
998
1011
999
995
1012
1031
1000
1016
997
995
1015
1015
996
1015
1011
1015
1027
1000
998
1012
1012
999
999
1013
995
998
1014
995
995
1015
1000
1001
1012
1011
1011
999
995
1010
1028
1016
998
1001
1009
995
999
995
1010
993
1015
1015
1010
1002
997
998
998
1015
995
999
1012
996
1013
1010
1010
1016
1002
1000
1030
994
1011
995
1008
1016
998
990
1027
1017
996
998
1015
998
1000
1000
1009
993
998
992
1017
1000
997
1000
1000
995
1023
996
1012
1014
997
1018
1010
1014
995
1011
1001
1010
1001
1011
999
1010
1016
999
996
1001
998
997
1014
1010
1001
999
1013
1013
1030
1001
995
1010
998
995
995
1014
1011
1009
1012
1015
1014
1016
996
1010
998
1010
994
1010
998
999
1012
1014
1012
997
994
1013
1013
1011
1001
997
1011
997
999
1001
993
1000
999
999
1015
995
1016
1011
1010
999
997
995
1026
1001
999
993
1011
996
994
1001
1027
1001
1014
1002
1000
1000
996
999
1011
1000
999
1028
993
999
999
1015
1011
1015
998
1000
993
1015
1011
1002
1017
1001
1012
996
1000
1028
996
996
998
1015
1016
999
1012
1025
1013
994
1012
1014
995
1015
1017
997
996
1002
1010
1010
1000
1017
994
993
994
1017
1002
999
994
1012
1001
1013
1017
1016
1015
994
1033
994
998
1024
995
997
996
999
1017
999
1015
1011
1000
995
1001
999
1000
999
1017
999
994
1018
1015
1026
998
1015
1000
996
999
994
1016
998
1000
1012
995
1010
1000
998
1000
994
1009
996
1010
995
998
999
996
1014
1012
994
1012
1016
1014
1000
995
1016
1014
998
1001
999
999
1014
999
1000
1015
1018
1017
999
993
1001
1002
1010
1009
999
994
999
999
1009
1001
1015
998
1000
997
994
1025
1011
1000
1013
1016
1015
1000
1014
994
996
998
1002
993
995
1012
999
1027
1016
994
1001
998
1015
1015
1014
999
1001
1012
1010
1016
1016
997
1000
1027
995
995
999
999
1000
995
999
1000
998
1010
1010
1001
1011
1010
1010
1001
994
1012
1000
1001
1015
1016
1017
1000
1011
1001
995
1002
1010
1015
993
995
1013
995
1016
1001
1027
1016
1002
1001
1000
1012
1014
1000
1012
995
1000
1016
1029
1011
1011
999
1014
999
994
997
1009
1000
1010
1015
997
1012
999
999
997
1011
998
997
1000
993
1011
1012
1000
1009
995
999
1007
995
995
995
1010
1000
1009
993
1010
1000
999
996
1031
997
994
994
993
1018
1010
1000
992
996
995
996
1031
995
997
996
1010
1011
1012
1010
999
999
997
996
1011
1015
1015
993
1015
1015
1005
997
994
1016
1015
1001
1000
1013
999
1000
1001
1011
999
995
1015
1002
1016
998
1031
1000
1017
1001
1014
998
996
1012
999
999
1016
996
998
997
1011
995
1010
1015
996
1015
1009
997
1013
999
1014
1015
1014
1011
999
995
997
998
1001
998
999
1007
996
1014
998
998
995
998
999
1010
995
1010
995
999
1001
1015
997
994
995
1016
1014
1015
1019
1030
1000
994
1012
1015
1012
1011
1011