D3 400
421
411
428
418
405
428
398
397
417
420
423
397
398
401
399
402
406
408
411
429
423
402
406
411
422
408
408
416
411
425
428
397
430
415
400
415
410
400
401
420
413
415
403
406
419
404
406
418
396
415
399
404
428
416
417
414
425
429
421
416
402
398
406
429
400
399
420
427
404
405
432
418
416
423
416
397
408
417
412
420
403
403
403
399
415
403
405
427
430
413
402
406
429
422
405
398
397
411
426
419
420
415
420
402
406
401
404
437
398
400
419
397
421
418
421
408
408
400
401
403
419
435
403
408
411
414
399
414
415
418
413
409
438
405
412
415
434
413
410
423
427
397
444
412
402
399
419
419
410
428
429
429
418
416
416
398
399
399
415
415
414
419
429
402
408
407
406
406
415
398
415
425
432
433
401
421
407
426
397
400
418
411
419
402
430
414
420
425
418
404
417
417
400
401
408
424
400
420
418
404
414
416
399
400
416
427
409
399
417
416
415
425
415
415
406
408
425
408
427
407
400
399
398
398
399
417
419
410
400
420
414
401
416
409
429
400
427
424
426
426
429
402
427
397
415
415
416
403
415
410
412
402
422
412
425
409
412
405
404
430
430
425
412
416
398
430
413
399
413
415
420
402
402
421
402
411
412
406
410
400
429
403
421
437
417
421
405
416
401
418
404
427
403
420
397
409
411
430
412
429
427
419
418
422
429
407
399
429
416
419
430
413
400
401
426
424
425
408
400
418
424
404
403
423
427
419
428
428
438
402
410
412
430
423
428
413
402
420
398
410
417
420
398
401
404
419
413
420
415
412
424
409
408
421
420
418
422
407
409
430
418
422
415
427
405
408
413
419
431
404
411
424
401
413
399
410
402
402
403
427
403
416
429
398
429
419
418
412
397
397
415
402
412
422
402
399
401
421
404
433
411
417
402
413
426
420
420
418
417
431
419
413
428
425
402
402
401
400
417
415
414
397
417
416
398
415
415
424
409
407
401
415
413
430
412
397
442
424
409
429
413
410
419
402
413
413
401
420
414
414
421
429
404
409
402
411
410
429
412
414
410
421
406
404
422
419
429
414
415
414
428
420
398
425
429
414
407
428
428
399
409
408
428
412
405
404
414
427
402
417
416
416
399
411
415
399
420
401
403
404
419
426
407
404
399
419
428
403
430
399
413
402
429
414
417
412
425
412
427
415
399
415
415
407
405
412
401
404
416
429
408
400
426
412
411
424
428
400
431
430
403
421
406
400
405
424
405
405
411
409
410
398
398
427
416
418
403
404
404
419
397
418
416
415
423
426
415
399
410
429
413
411
429
408
402
422
421
404
415
399
416
411
423
445
413
399
404
418
407
420
427
419
403
417
402
415
414
427
405
424