D4 400
415
416
415
400
399
400
416
399
400
416
400
399
399
416
414
399
400
399
416
416
416
400
399
399
416
416
416
416
414
416
399
416
416
400
400
417
417
431
399
417
416
416
414
415
416
416
399
399
400
399
415
431
416
399
416
399
416
399
415
416
417
399
416
397
416
415
399
417
399
416
400
400
416
415
417
399
400
400
399
430
399
416
400
400
417
399
416
418
414
399
400
399
416
399
417
399
399
399
399
416
416
417
414
416
400
399
399
416
398
416
416
400
416
417
416
400
414
400
400
399
399
399
416
416
415
431
399
414
400
400
414
416
399
416
399
399
399
416
399
431
399
399
402
399
399
417
417
416
399
413
399
416
417
415
399
416
399
399
400
399
416
399
414
416
416
416
399
414
400
399
417
416
416
399
416
416
431
399
399
399
399
399
399
416
416
416
399
399
415
399
431
401
416
415
416
399
417
399
415
399
399
402
400
416
431
400
400
399
400
416
416
400
416
399
416
416
400
399
399
399
416
399
399
399
399
400
399
412
399
399
399
416
399
399
416
416
416
415
417
416
416
414
400
399
399
416
399
416
400
399
416
416
416
399
400
414
416
416
399
399
431
400
401
416
431
416
400
399
399
431
397
399
416
399
399
416
399
399
414
399
417
416
415
399
400
416
416
400
402
416
416
416
414
416
399
399
399
400
399
399
416
417
416
416
415
399
414
416
416
416
400
417
399
400
401
415
399
399
399
416
414
416
416
399
417
416
416
415
399
431
400
399
399
417
417
416
416
399
399
415
417
399
399
414
416
416
399
399
416
415
399
399
416
416
416
399
400
412
416
400
416
416
400
400
399
400
399
416
416
399
399
433
399
416
399
416
399
400
400
416
415
416
416
399
416
400
400
416
400
400
417
399
399
400
431
416
416
399
417
416
416
416
416
414
399
416
416
416
431
401
399
399
416
401
399
399
399
399
416
399
400
399
414
416
414
416
416
399
399
416
399
431
399
400
416
399
399
401
400
416
399
399
400
399
416
400
416
416
399
399
399
416
400
416
399
416
416
416
416
414
399
416
399
416
416
400
417
416
430
416
401
416
416
415
415
416
400
399
416
399
416
416
399
416
399
417
399
395
399
400
399
416
416
400
416
399
430
415
399
416
418
400
417
416
416
416
416
399
416
399
414
399
416
416
417
416
399
399
416
414
399
416
416
416
399
416
399
400
399
416
399
416
416
414
416
416
416
400
417
433
416
416
399
416
399
416
416
430
416
399
399
399
399
415
401
415
415
417
399
400
416
414
400
400
416
416
401
399
399
416
414
399
415
399
399
399
415
399
416
399
416
416
399
416
431
399
399
416
399
415
417
416
400
400
399
400
414
401
431
400