D4 1000
1001
1000
1001
1000
1000
999
1001
1001
1000
1001
1001
999
1002
1000
1000
1015
999
1000
999
1000
1000
998
1000
1015
1001
1000
1001
1001
1001
1000
1001
1001
1017
999
1000
1000
1000
1001
1000
1000
1000
999
1001
1003
1001
1002
999
1001
999
1001
1018
1015
1001
1000
1001
998
1014
1002
1000
1001
999
1015
1002
1002
1000
1001
999
1002
1000
1001
1003
1000
1003
1017
1001
1000
1001
1000
1000
1000
998
1003
1001
998
1000
1000
998
1002
1000
1001
1000
1001
1000
1000
1016
1000
1001
1002
1001
1000
1000
1000
1001
1002
1003
1001
1002
998
1017
1001
1000
1000
1000
1000
1001
999
1000
1003
1003
1001
1001
1017
1000
1001
1001
1000
1002
1000
1016
1000
1000
997
1002
1000
999
1000
998
1001
1000
1000
999
1002
1002
1000
1000
1000
1002
1002
1000
1000
1001
999
1001
999
1000
999
999
1000
999
1001
1002
1016
1002
999
1002
1000
1000
1001
1015
1002
999
997
1002
1002
1000
999
996
1001
1001
999
1000
1000
1001
1000
999
1000
1000
1003
1002
1001
1016
1001
999
998
1000
999
999
1000
999
1001
1002
997
998
1001
1003
1000
1000
1002
1016
1000
1016
999
1001
1001
1002
1003
1002
1001
1003
1000
999
998
1000
1001
999
1000
999
1002
1016
999
1002
1001
1015
1000
1001
1000
1000
1003
1000
1000
1001
1001
1001
1016
1017
1015
1000
1001
999
999
1000
997
1002
1000
1000
1000
1001
1000
1001
1000
1001
999
1000
1000
1000
999
1000
1000
999
1000
999
999
1001
998
1001
1000
998
1000
1017
1001
1001
1001
1002
1017
1000
999
1000
1003
1000
1002
999
999
1002
1000
1001
999
1000
1001
999
1000
997
999
1002
999
1002
1001
1000
1003
1002
1001
1001
999
1000
1000
1017
999
1000
1000
1001
1000
1002
1000
1000
1002
1001
1002
1000
1000
1000
1002
1000
1000
1001
1002
1001
1000
1015
1017
1001
1017
1001
999
1001
1000
1000
1001
1015
1001
1000
1002
1001
1001
1000
999
1000
1000
1015
999
1000
1001
1016
1001
1003
999
1001
1001
1001
1003
1003
1000
1000
1001
1003
999
1001
1000
1017
1002
999
1001
1000
999
1002
999
999
1000
1015
1001
1001
1000
1000
1001
1001
1000
998
1000
1000
1001
1000
1000
999
999
1000
998
1000
999
1000
1002
1000
1002
1000
1000
1000
1000
1000
999
999
1002
999
1018
1003
1003
1000
1016
1000
999
997
1002
999
1000
1000
1002
1002
1001
1003
1001
1000
1001
1000
1000
999
999
1003
1000
1000
1001
999
1001
1002
1000
1000
1000
999
1000
1002
1000
1000
999
1001
1001
1000
1017
1001
999
999
1000
999
1003
1001
999
1001
1014
1000
999
1000
1001
1003
1016
1001
1000
1002
1015
1000
1017
999
1003
1001
1000
999
999
1003
998
999
1001
999
1001
998
1000
1000
999
999
1000
1002
998
1000
1001
1003
1001
1000
1000
1000
1001
1000
998
1001
1000
1002
1000
1002
1000
1000
1001
1001
1001
999
1002
1000
1001
1000
999
1002
999
1000
1000
1017
1001
1015
1002
1001
1001
1016
1014
998
1001
1000
1005
1002
1000
1017
1001
998
1001
999
1000
1000
1001
1001
1000
998
1000
1001
998
1001
999
1002
1002
1000
1001
1000
1000
999
1002
1001
1000
1000
999
998
1001
1001
1000
1000
1001
1000
999
1000
1000
999
999
1001
1001
1001
1000
1000
1000
1002
1001
1000
1000
1014
1000