D3 150
150
171
165
172
176
165
157
158
184
171
176
169
188
179
204
167
172
154
175
158
168
180
169
167
155
176
155
170
165
171
158
196
173
184
171
190
161
157
192
180
175
207
167
165
159
183
287
184
186
154
154
160
174
172
161
177
158
157
325
200
168
190
168
156
166
179
178
180
170
183
186
171
196
202
187
159
156
175
198
343
146
157
184
174
185
186
168
155
154
176
168
377
187
171
158
156
158
184
184
160
206
182
156
220
165
183
186
172
185
180
181
171
161
165
453
162
181
188
185
173
153
191
186
166
185
171
179
465
159
154
152
220
188
251
187
163
177
157
162
159
176
182
175
181
180
156
165
175
186
158
163
166
185
169
166
154
170
168
182
159
165
169
268
148
203
208
169
186
186
173
184
180
179
161
164
179
218
157
174
175
189
167
399
171
162
181
197
176
175
161
167
156
150
176
169
182
187
186
171
192
189
197
194
170
151
170
173
158
186
184
240
168
182
191
168
171
178
159
172
188
157
158
160
186
168
161
166
163
147
171
187
161
171
186
186
171
153
188
451
157
184
154
151
159
172
175
162
173
184
172
170
211
180
178
202
161
176
167
260
177
190
161
167
169
165
166
189
162
156
192
182
717
161
168
156
183
175
173
198
166
169
165
181
218
164
171
215
178
175
172
161
187
160
184
184
172
188
154
175
168
156
190
183
161
182
174
187
167
173
158
183
180
190
185
211
161
180
154
168
167
197
168
161
153
166
180
183
163
182
190
192
163
160
233
161
171
155
180
175
181
176
173
158
150
184
307
200
172
186
189
182
164
179
174
189
183
167
157
156
190
157
177
186
153
214
170
185
166
193
155
195
195
180
189
196
187
164
153
165
187
178
167
192
172
170
168
153
166
185
167
172
182
154
165
159
153
154
173
196
187
174
160
187
173
172
168
171
199
164
178
156
165
178
211
172
188
166
159
158
197
166
171
162
156
179
151
188
198
219
172
152
191
155
151
176
167
160
185
153
170
177
162
165
155
181
161
189
164
162
179
180
188
178
190
163
176
159
157
164
184
179
166
169
173
164
1048
180
173
201
154
173
189
164
179
158
171
167
169
164
184
203
209
192
151
199
184
156
167
184
160
198
189
171
186
196
190
193
156
169
157
186
194
155
170
207
199
161
177
187
169
165
208
157
160
202
168
166
168
163
157
150
179
195
156
174
221
173
178
181
185
190
196
159
207
158
154
166
167
171
164
184
195
192
153
189
156
172
178
220
181
173
176
170
174
171
156
166
157
158
167
322
184
179
177
194
161
167
191
153
147
160
194
154
187
169
159
170
164
183
153
151
167
165
270
198
168
174
153
167
201
338
179
180
188
158
286
169
173
173
155