D4 150
146
163
159
159
156
161
176
176
145
164
163
159
178
155
174
147
173
158
159
171
177
158
163
147
144
161
146
205
144
145
156
158
182
158
154
161
151
149
158
173
151
145
166
152
164
178
164
147
144
157
151
148
145
161
161
155
231
150
158
147
178
163
156
155
145
159
153
165
172
157
177
162
157
151
175
162
174
156
144
155
145
164
164
181
147
163
158
146
145
166
149
158
146
162
168
175
168
143
145
175
147
149
146
159
187
164
172
155
162
168
151
161
169
145
145
151
148
169
151
177
153
176
173
169
177
146
145
171
171
157
158
159
155
197
160
166
172
162
166
158
157
165
169
171
161
152
159
158
149
148
146
151
201
155
173
162
151
164
151
152
157
157
165
154
161
158
161
147
147
169
160
174
161
166
146
165
160
179
148
157
163
183
145
145
177
147
165
159
148
146
146
147
159
179
159
147
177
162
146
156
164
164
148
164
157
174
160
147
164
164
161
144
159
160
157
170
153
174
171
159
172
149
140
162
143
154
158
170
144
169
157
150
160
179
146
145
144
158
148
169
150
146
173
149
153
142
155
148
148
145
149
145
180
151
162
148
145
163
184
164
156
157
169
160
175
146
158
161
161
150
164
151
147
157
162
159
160
164
156
164
171
155
150
160
153
145
163
231
169
161
173
162
162
163
162
150
165
163
147
162
179
174
176
146
147
175
147
160
161
164
148
146
164
161
179
146
147
156
181
166
165
161
166
147
163
151
148
153
150
161
160
173
162
145
146
209
159
158
151
167
160
146
158
161
165
145
143
175
163
160
168
163
166
145
175
170
150
162
174
178
144
144
161
145
168
168
152
146
177
157
151
169
149
146
150
163
147
160
144
157
156
176
181
147
144
147
163
151
147
150
151
162
146
163
160
146
164
175
152
156
149
165
161
163
163
146
176
146
160
152
145
162
198
165
161
164
145
149
145
165
148
150
147
161
168
155
162
147
165
164
147
168
162
145
163
151
148
147
147
147
175
162
158
166
158
163
147
147
167
176
151
161
170
158
164
177
161
168
173
154
146
153
163
150
163
163
145
173
168
162
160
153
146
146
162
164
169
148
162
167
176
159
153
161
151
164
162
151
176
168
150
161
167
147
174
160
173
163
198
160
161
145
144
163
151
161
146
157
168
145
147
161
145
153
160
146
180
146
147
161
164
156
166
163
159
148
148
146
151
161
161
151
162
147
176
147
165
149
180
144
147
153
179
181
176
144
145
170
147
159
164
146
152
166
165
147
156
147
157
164
147
154
151
164
158
165
168
158
163
162
175
148
163
149
144
176
151
163
145
161
145
146
169
149
162
193
162
143
151
149
164
154
157
159
143
160
145
169
146
177