D1 150
7
15
12
16
22
21
16
13
15
14
23
16
19
6
14
19
17
17
18
18
14
20
18
16
13
20
16
19
11
19
15
20
21
21
15
20
7
16
21
13
11
16
21
15
16
14
10
20
13
15
15
8
20
13
16
16
11
10
19
19
15
17
16
7
15
15
22
22
12
17
13
12
17
22
22
21
7
17
15
20
6
18
16
20
17
22
16
14
14
17
16
16
13
16
14
17
12
18
16
17
5
15
16
21
26
19
14
11
19
22
18
18
13
15
11
21
22
27
15
6
9
21
18
9
17
16
16
15
14
10
13
18
17
17
17
14
20
11
19
19
16
17
14
14
12
18
7
16
23
12
15
23
11
9
20
12
18
14
23
6
14
16
18
7
20
20
17
24
11
14
16
13
13
17
13
17
33
18
14
18
24
8
23
23
21
19
18
15
22
17
15
10
6
22
14
14
19
15
20
20
25
17
16
8
11
8
18
10
17
11
25
15
17
17
16
18
19
16
11
18
17
12
20
17
19
15
14
17
7
14
15
19
18
23
22
12
7
18
13
9
7
11
8
17
13
19
16
10
16
24
16
19
23
16
15
9
19
8
16
12
17
16
18
21
22
15
16
16
15
13
12
13
15
12
16
18
15
14
21
21
13
14
21
22
20
19
17
16
25
15
21
20
18
19
12
19
21
14
12
13
9
19
16
10
13
17
13
14
14
15
15
18
20
14
16
16
28
15
9
7
18
17
16
15
16
15
17
7
17
20
19
18
16
17
13
16
17
19
11
12
8
16
18
15
15
21
29
11
14
19
19
14
18
8
15
14
14
13
19
15
8
17
13
12
18
11
16
23
20
13
19
26
14
17
21
19
15
12
19
13
18
16
20
15
25
20
12
22
26
18
14
16
17
17
14
18
15
19
18
9
12
13
10
20
15
17
18
18
23
18
16
14
14
8
9
16
19
16
17
16
8
13
7
8
18
10
20
19
16
17
7
16
14
10
15
22
11
19
13
8
16
16
22
13
22
15
21
18
17
17
18
13
18
17
16
17
17
14
24
12
25
20
14
11
17
19
19
13
20
9
8
13
13
14
16
15
19
22
7
19
18
17
18
8
19
15
16
20
14
17
16
20
19
15
24
20
18
14
14
14
17
21
14
16
20
21
13
9
19
29
17
11
15
18
10
19
11
15
12
11
7
30
17
16
7
19
25
23
20
14
17
17
14
23
7
12
13
12
20
12
20
16
6
13
12
6
7
20
19
22
20
15
13
8
13
17
15
6
20
20
15
12
17
16
18
17
20
17
17
6
7
17
18
15
17
9
20
18
18
13
13
18
17
8
9
15
18
15
13
18
14
16
16
18
18
20
17
22
11
15