D3 150
196
173
166
178
189
165
155
176
178
168
173
166
149
169
154
179
172
191
159
176
176
177
167
182
184
158
168
167
153
163
167
177
193
178
162
189
170
168
164
153
174
152
157
191
194
176
178
184
156
169
193
160
175
172
185
152
191
168
180
180
196
186
340
164
166
152
167
180
164
167
158
161
181
161
182
155
177
177
184
164
166
163
165
151
182
191
165
167
155
197
166
149
169
183
195
153
174
150
183
165
179
194
196
168
163
165
180
182
190
167
166
171
154
179
162
158
157
191
169
159
170
154
155
189
154
151
159
174
163
177
185
167
153
183
181
188
151
171
160
196
164
166
184
152
168
154
165
184
152
160
180
180
165
149
156
175
187
165
182
168
151
177
177
177
177
177
180
183
178
186
155
156
156
183
177
178
177
177
164
181
177
177
179
149
178
183
180
165
194
183
167
165
168
175
151
170
194
179
180
179
178
178
149
169
171
175
165
164
193
169
190
182
168
185
154
156
161
177
187
180
168
167
181
177
178
164
181
166
176
171
163
172
185
167
167
174
153
156
166
174
159
168
166
177
152
156
163
194
162
166
161
171
161
171
161
179
179
177
154
164
161
163
169
170
165
167
177
193
176
179
167
166
178
165
163
177
171
156
179
163
165
190
154
180
176
169
170
174
149
167
153
177
163
150
151
195
193
176
166
171
159
167
192
181
175
175
175
150
195
169
173
177
178
174
161
163
182
165
179
168
176
189
162
173
157
154
175
190
152
171
180
167
165
175
173
170
168
180
167
178
177
180
182
193
154
166
183
181
170
156
158
168
154
181
173
174
150
169
170
175
193
154
188
188
153
152
180
163
172
167
184
155
191
166
167
187
165
176
172
149
192
172
174
166
176
176
178
161
171
172
173
193
167
167
168
161
177
170
156
154
166
182
150
177
169
169
166
188
170
155
175
150
177
176
192
166
163
189
227
175
160
162
181
176
161
180
194
169
154
179
161
174
165
167
183
165
151
163
153
153
171
155
170
155
168
179
163
162
155
173
163
181
163
181
158
164
194
158
171
179
182
166
164
187
182
157
194
177
162
188
164
184
168
160
196
166
169
157
154
156
162
185
172
150
176
176
177
168
173
193
182
167
168
176
161
165
175
176
169
160
151
168
152
180
163
181
186
153
155
156
150
165
174
154
168
164
166
159
178
171
164
165
192
179
170
172
186
193
170
182
163
180
154
158
150
186
173
158
172
167
167
172
164
195
158
192
158
166
166
174
150
166
165
172
170
171
162
178
161
176
189
182
172
170
169
168
172
166
192
191
165
160
162
177
185
180
166
163
179
154
190
169
164
174
155
172
163
167
168
182
196
169
155
166
178
192
157
174
151
194