D4 150
146
166
165
148
165
165
149
149
148
150
165
180
148
165
148
148
165
149
165
149
148
148
148
148
149
163
148
148
148
148
148
149
166
150
148
148
148
148
149
160
164
149
148
148
149
148
165
165
149
148
148
165
160
148
166
149
165
149
148
150
149
149
163
148
149
148
149
165
148
148
165
181
149
165
165
148
163
149
149
148
165
166
148
149
165
149
149
148
148
148
163
148
148
165
148
164
148
148
148
148
148
148
149
148
149
165
165
150
164
165
148
164
149
148
164
148
148
167
166
148
165
165
147
148
148
164
149
148
165
148
149
166
148
149
148
165
148
165
148
149
148
149
165
165
165
147
147
167
163
165
148
150
148
148
149
179
182
147
164
165
148
148
149
164
166
165
149
150
165
181
149
165
164
148
165
165
165
148
167
150
165
164
182
179
151
166
167
149
165
149
149
164
148
148
147
148
148
164
148
150
149
149
182
148
148
148
180
148
149
165
166
165
148
165
164
147
165
149
149
149
147
163
148
148
149
182
167
148
165
165
149
149
165
148
149
165
148
165
149
148
149
149
148
180
148
148
148
150
165
151
165
165
148
165
165
167
151
163
148
148
148
148
149
165
148
165
164
149
167
144
165
161
165
165
149
148
165
148
165
149
163
151
164
164
150
163
148
149
148
165
165
150
166
162
162
150
150
180
165
150
150
149
150
150
165
165
149
164
179
163
148
167
148
148
165
165
150
148
149
165
149
148
149
165
148
165
148
148
148
148
148
148
165
151
163
167
166
148
148
148
148
148
149
148
147
148
164
150
165
148
148
165
149
148
148
165
148
148
152
179
148
165
148
165
148
149
148
165
148
149
148
165
148
149
148
149
148
165
149
148
151
165
148
148
148
150
148
148
165
165
162
148
164
148
149
149
180
165
165
148
148
148
164
165
166
165
147
149
148
148
163
165
148
167
167
183
151
164
164
151
165
182
164
149
178
165
148
149
148
149
166
149
165
164
166
148
165
164
148
149
165
148
148
148
148
165
165
163
148
165
148
150
149
151
148
148
151
165
166
149
149
179
148
149
165
148
165
148
182
149
148
148
148
165
149
165
149
149
148
150
148
148
165
148
148
148
164
149
148
164
148
148
149
148
148
165
165
148
164
165
149
165
148
165
164
150
151
165
165
164
164
148
165
147
149
148
148
165
148
166
149
149
148
149
182
182
149
167
149
165
149
150
147
149
148
163
166
165
166
166
148
148
166
148
165
165
148
165
148
165
149
165
165
165
148
165
148
166
165
148
165
148
148
149
148
150
165
148
149
149
165
148
164
148
148
150
148
165
165
181
165
181
148
148
149
150
149
148
163
149
165
150
148
148
165
150
165
148
148
182