D3 400
388
386
417
404
415
418
388
412
387
407
390
408
398
393
386
387
395
390
394
400
404
391
418
396
403
415
400
407
403
394
410
399
387
388
393
401
386
391
388
398
395
400
401
416
388
399
389
393
411
399
398
387
395
393
391
386
392
402
395
398
414
396
397
396
402
408
388
403
393
402
405
391
400
419
392
401
405
401
411
399
403
389
390
398
386
389
393
403
413
399
401
387
401
391
388
399
387
402
393
399
399
393
414
417
390
412
398
400
402
401
399
412
400
403
410
402
393
398
399
395
399
391
393
412
390
413
386
398
390
403
397
393
417
392
394
417
398
401
418
415
406
386
404
404
387
390
403
396
399
410
399
394
416
400
389
409
413
392
410
395
391
393
395
390
394
409
387
401
396
415
392
407
391
392
402
392
396
412
391
398
407
396
387
399
403
412
392
386
396
403
394
396
394
392
392
388
395
395
393
408
416
409
394
390
398
400
387
406
400
397
416
396
387
399
391
397
397
402
414
394
397
398
392
409
395
412
389
392
405
394
406
391
388
406
395
390
389
408
407
396
398
411
390
397
390
411
392
419
416
393
395
409
389
392
412
414
408
396
398
417
391
406
394
387
416
388
399
418
399
396
401
388
402
395
406
416
394
386
401
414
399
393
392
397
415
387
396
390
394
390
415
395
409
417
387
391
388
400
411
398
393
388
398
399
394
392
387
390
408
401
416
396
387
390
412
389
392
417
397
399
400
389
393
393
400
397
396
396
410
418
413
406
409
388
411
389
413
390
394
399
402
410
401
413
394
418
417
387
418
401
400
396
402
395
417
400
391
389
399
398
410
412
388
417
405
402
402
399
412
411
412
401
394
405
414
388
402
390
408
393
417
393
412
388
406
392
399
400
387
402
403
400
415
407
389
387
414
405
388
386
394
414
418
395
388
402
390
420
415
397
394
412
406
396
393
393
407
398
386
404
400
400
396
389
398
398
396
413
387
395
413
390
388
410
401
402
396
419
411
400
391
396
391
417
387
391
401
397
402
390
394
410
407
397
414
399
415
407
417
396
413
392
416
412
402
400
405
399
389
405
399
395
388
396
398
412
389
395
388
398
399
395
418
388
397
393
395
387
387
387
399
399
416
415
387
392
397
390
392
417
395
404
397
415
404
393
403
405
394
402
395
387
393
392
392
390
418
387
405
399
391
391
392
392
393
406
389
416
395
396
402
388
400
401
395
400
406
403
391
401
398
397
400
399
401
397
407
386
391
393
401
415
402
398
417
401
389
414
416
387
395
392
392
395
411
418
388
393
385
412
412
418
396
405
415
396
392
407
408
416
403
392
386
393
410
398
386
400
394
407
396
388
399
400
403
396
387
400
402
394