D4 400
399
399
400
415
402
433
399
416
399
400
416
399
399
417
399
400
400
399
416
400
416
416
399
401
400
399
401
400
417
400
399
400
399
399
418
400
401
416
432
401
400
400
400
416
417
416
415
400
399
399
416
416
400
415
417
399
400
416
400
400
399
417
401
414
416
400
401
416
416
415
399
401
400
399
400
416
416
400
400
400
414
432
416
416
401
399
432
415
417
400
416
399
416
416
416
399
401
415
415
416
432
401
417
416
418
400
400
400
433
400
400
415
399
417
416
416
416
400
400
432
414
400
415
417
400
416
400
416
399
400
400
418
400
400
417
399
416
416
416
416
400
399
400
415
400
400
433
400
415
400
401
400
400
416
417
400
402
416
416
402
416
416
432
416
400
400
417
400
400
417
416
399
432
417
416
400
400
399
400
400
399
401
431
416
416
415
400
401
401
399
400
399
416
416
415
418
433
416
414
416
400
399
416
400
416
399
399
417
400
399
400
416
400
400
417
417
416
400
400
399
400
415
431
415
399
416
400
412
400
400
402
416
416
400
399
431
416
414
400
416
401
418
400
400
400
401
400
420
418
399
415
402
417
416
401
400
415
399
414
416
400
402
415
401
416
415
430
417
399
417
400
401
402
400
417
400
416
415
400
401
399
399
400
432
400
416
401
399
399
417
400
400
416
417
416
417
416
400
400
399
416
402
415
400
400
401
417
400
400
416
399
400
400
415
401
415
417
399
399
416
400
417
398
399
417
400
432
415
416
400
401
400
399
428
417
415
416
399
417
417
417
416
417
400
401
416
417
415
400
400
401
400
416
416
417
400
417
400
401
400
399
400
417
415
400
399
400
415
401
418
399
417
399
400
400
400
416
416
416
400
400
416
416
415
402
400
400
400
415
400
416
437
417
400
400
416
401
415
417
415
400
401
400
400
416
437
401
416
399
417
416
401
415
400
417
416
400
416
417
400
400
399
399
416
415
399
400
416
417
416
400
416
400
415
416
399
416
416
418
416
400
400
433
400
400
415
416
416
417
400
401
400
402
416
416
418
433
399
416
417
399
402
416
400
416
433
399
400
399
401
431
417
418
415
400
399
414
400
399
399
415
418
416
400
401
416
415
415
416
400
414
416
400
416
432
416
401
416
399
399
400
416
433
416
399
399
401
399
432
399
416
417
416
416
400
416
399
416
417
399
431
417
416
400
400
417
401
416
400
407
401
400
416
400
400
400
401
417
400
401
400
399
417
400
415
416
416
416
416
417
399
399
417
401
400
417
416
415
416
416
417
416
400
400
417
416
400
415
433
401
399
416
402
400
402
416
399
400
415
400
400
401
416
400
400
416
416
400
415
416
417
416
416
416
399
400
400
417
433
416