D3 400
390
400
399
390
400
399
397
397
389
401
395
402
401
391
401
401
399
395
403
398
395
388
401
402
395
388
390
388
398
389
400
398
398
401
389
399
391
402
391
390
404
392
403
402
392
397
402
399
399
390
391
396
393
393
388
399
396
390
395
392
389
390
401
387
388
398
400
395
389
404
397
390
397
388
395
402
403
389
398
390
401
403
397
403
390
397
391
394
392
398
393
402
398
396
392
397
398
398
391
400
399
392
403
400
400
403
394
397
395
392
394
395
394
396
393
396
386
393
401
393
398
397
392
398
389
393
393
404
391
394
389
392
392
400
396
392
393
394
389
391
401
393
394
401
392
392
391
400
393
401
393
398
400
391
404
395
395
395
391
403
402
393
397
404
398
390
403
399
392
393
392
395
397
399
394
395
400
401
398
386
390
395
388
389
388
403
403
396
395
398
392
399
393
398
399
389
388
400
399
396
400
392
393
390
391
395
394
396
392
390
402
400
394
390
398
401
400
397
393
393
390
402
394
397
391
391
392
392
401
395
389
403
389
394
389
399
396
391
400
391
389
391
398
399
401
394
400
396
389
389
400
402
403
393
390
390
389
389
402
392
400
394
389
388
393
398
392
404
390
395
389
391
390
392
393
388
390
402
404
391
400
391
395
398
400
388
386
396
395
394
401
391
391
399
388
392
399
398
388
396
392
400
399
400
404
404
401
396
395
391
402
389
402
402
391
398
395
398
393
400
395
390
401
399
390
396
392
402
402
395
400
391
392
404
390
404
393
405
399
389
399
398
391
391
396
391
392
396
395
391
401
395
393
401
397
402
389
392
394
399
398
387
395
392
397
391
400
393
392
395
406
389
393
389
403
397
400
395
400
403
394
403
389
401
402
396
400
400
395
403
403
388
396
391
402
399
395
394
397
391
393
392
403
388
399
401
392
399
403
398
393
392
404
387
388
390
394
400
400
404
403
396
399
389
393
400
400
400
401
394
398
394
398
395
401
395
402
402
393
391
400
399
396
398
389
393
401
404
388
390
392
393
391
398
389
392
399
393
392
391
390
392
389
391
405
389
389
399
397
387
390
389
396
402
395
400
400
395
401
394
401
393
402
393
394
398
392
396
400
398
389
393
396
395
389
391
400
390
401
393
393
392
392
394
399
396
398
403
397
397
389
403
404
394
399
396
402
403
403
399
402
395
392
404
389
395
404
390
399
399
391
404
401
398
390
392
401
402
391
395
389
400
401
390
392
399
402
388
400
389
401
403
394
392
395
400
391
400
404
403
391
398
395
402
400
392
394
390
403
404
394
397
400
400
402
389
391
398
397
399
393
393
389
397
399
397
402
401
387
397
395
397
402
389
395
398
403
397
396
391