D4 400
435
434
445
434
432
432
434
444
434
432
434
433
444
434
432
434
432
445
435
433
432
434
443
433
433
434
433
444
433
432
434
433
444
432
431
433
433
445
433
433
434
433
444
433
432
433
434
444
433
433
435
434
447
432
433
433
433
444
432
433
433
433
446
434
434
433
430
447
435
431
433
431
445
432
431
434
432
443
434
433
431
435
443
431
434
432
434
443
433
432
436
434
444
433
430
433
433
444
432
432
433
434
443
433
434
433
436
444
434
434
433
434
445
433
430
433
432
443
436
433
433
433
445
433
432
436
433
444
432
434
433
432
442
432
431
433
433
443
433
432
434
433
445
434
434
433
432
445
433
432
433
432
447
434
434
432
431
443
433
433
433
433
447
433
432
432
434
446
433
430
435
434
446
435
433
433
432
446
433
434
434
433
443
433
433
433
433
445
433
434
433
433
445
434
430
433
435
444
434
433
432
434
446
432
433
432
432
445
433
432
433
433
443
433
434
434
433
447
433
433
433
432
428
437
434
433
433
445
434
434
433
432
446
434
432
434
432
445
432
432
433
436
443
433
431
433
433
444
433
434
434
432
432
433
433
433
433
445
433
432
434
432
443
434
433
432
432
443
432
434
433
432
444
434
433
433
434
443
433
434
433
431
444
433
432
434
433
444
433
433
433
433
446
431
435
432
432
444
432
432
431
432
443
434
432
432
433
444
432
433
432
433
443
433
436
433
433
445
433
433
435
432
445
433
433
433
436
445
432
432
434
433
443
433
432
432
434
445
433
433
434
432
444
433
431
431
432
444
435
434
432
435
446
435
433
434
434
443
433
432
433
432
444
433
433
432
433
443
432
430
433
433
443
434
433
434
433
446
433
434
433
432
443
435
432
432
432
444
432
433
435
433
447
432
433
434
434
444
431
430
433
433
444
433
435
434
435
444
434
433
436
433
445
432
432
433
432
444
431
431
432
433
444
433
432
433
434
444
432
432
432
434
444
433
431
433
433
443
431
432
433
433
444
434
432
433
433
446
433
431
433
431
445
434
430
433
432
445
433
433
433
434
445
434
431
434
435
443
432
434
432
433
445
435
433
433
433
443
432
434
433
433
444
432
433
433
433
445
433
430
435
435
446
435
434
435
434
444
434
432
433
432
448
433
431
435
431
443
432
434
433
433
444
432
435
435
434
443
435
434
434
432
444
434
431
432
434
443
433
434
435
433
444
434
430
432
431
445
433
432
434
431
445
433
434
434
433
445
432
433
435
433
445
435
433
433
431
442
432
431
435
434
445
432
432
434
434
443
435
433
431
433
444
432
433
432
431
444
432
432
433
432
446
434
434
433
432
444
433
431
433
432
444
433
436
433
434
443
432
432