D3 400
405
412
408
409
411
417
414
417
417
418
416
415
437
405
413
412
403
435
418
406
414
418
406
405
404
424
409
416
417
403
412
413
418
431
416
403
418
418
416
412
417
409
417
407
419
416
413
417
411
400
417
412
406
418
419
419
417
403
399
411
418
403
402
415
409
420
407
417
418
409
417
418
408
405
415
417
416
418
418
419
416
419
434
402
410
401
412
412
404
410
413
410
420
407
417
400
401
413
405
408
411
411
403
417
407
407
418
417
401
416
409
401
414
412
403
415
417
417
415
407
404
436
403
405
411
416
418
410
405
415
417
402
419
434
401
413
416
419
406
418
416
417
418
418
418
418
406
419
420
415
417
417
406
419
430
411
401
418
410
419
417
403
401
418
401
401
403
411
414
416
436
412
402
418
418
418
409
411
402
414
432
418
410
407
412
413
401
421
406
418
416
417
402
418
417
411
419
406
415
418
415
414
415
418
418
417
402
407
406
414
401
418
418
408
405
418
416
402
401
416
413
410
418
418
402
415
405
407
404
414
405
418
418
416
407
414
413
417
407
418
404
418
409
402
416
413
418
402
415
434
407
419
405
407
413
412
416
406
418
418
411
418
419
417
416
406
418
415
419
406
409
411
401
418
416
415
412
402
433
411
408
410
407
416
417
415
401
413
403
419
405
413
417
416
411
419
415
418
419
414
416
409
402
411
414
415
415
420
415
419
408
418
417
417
417
410
411
432
404
402
411
408
419
415
408
416
413
401
408
418
417
410
417
407
419
406
402
409
414
410
413
401
401
414
418
405
406
408
419
408
401
413
401
412
413
401
402
414
418
406
416
406
418
410
413
432
410
418
419
419
418
418
434
403
409
411
417
415
401
416
402
417
419
404
408
407
418
402
410
401
417
417
412
414
416
418
409
413
418
420
404
419
402
402
413
419
400
417
414
417
402
417
418
408
413
402
413
413
409
415
415
412
402
403
402
415
419
419
412
413
413
417
409
415
406
407
413
415
406
400
411
412
406
417
414
412
414
413
402
417
418
409
418
409
433
410
407
418
416
414
415
401
408
401
402
404
418
418
404
420
404
404
407
414
407
400
418
405
415
417
431
405
418
409
418
414
417
412
404
405
407
412
418
404
414
414
414
417
404
405
412
426
419
452
417
412
417
414
415
404
417
416
411
407
420
418
416
419
411
414
417
419
409
414
400
406
417
418
418
413
418
401
405
418
402
419
416
403
401
401
404
416
431
401
411
409
416
409
402
415
418
402
415
402
401
408
401
421
405
401
418
415
416
402
418
410
417
405
417
403
417
407
416
407
407
405
416
409
401
403
401
418
411
413
410
418
418
402
414
412
402
435
407
402
411
414
417
418
401
402