D4 400
419
397
396
397
396
398
396
402
397
416
398
399
398
413
399
398
399
398
398
400
398
400
398
415
398
400
396
399
397
398
400
416
399
431
401
399
398
417
400
398
397
403
398
397
395
394
411
410
398
414
413
396
416
398
394
409
396
414
414
396
397
414
412
397
416
411
398
396
414
398
398
400
399
398
396
413
398
396
397
397
397
396
418
399
399
414
395
398
397
397
415
397
396
398
399
410
399
397
397
398
400
398
397
396
411
413
397
396
397
398
398
399
398
413
397
396
398
396
415
397
399
414
413
398
398
413
432
414
415
397
398
402
414
399
399
398
399
415
399
398
414
400
397
399
400
397
416
398
414
398
416
397
398
406
399
397
413
397
399
397
399
397
412
397
397
398
402
415
413
397
413
410
395
399
396
412
398
413
396
398
415
396
400
397
413
414
411
396
399
412
398
410
401
396
431
397
413
411
398
398
411
397
398
397
397
397
398
397
398
397
413
410
415
397
397
397
398
398
403
449
409
395
405
397
415
397
398
415
405
398
398
397
398
397
404
414
396
398
412
398
398
413
399
413
397
398
399
412
398
396
397
414
398
398
415
398
393
398
415
398
421
398
400
415
401
398
398
415
415
415
418
398
407
397
415
398
403
398
411
414
413
397
413
396
397
396
401
408
396
396
396
413
398
394
398
395
396
413
395
394
409
400
402
396
394
399
397
396
399
410
414
397
413
398
396
398
414
410
412
431
396
398
397
398
397
399
410
411
412
413
398
397
398
397
409
398
415
396
398
397
399
416
428
397
397
396
410
398
413
411
403
397
398
397
398
414
431
400
415
415
404
414
430
413
398
397
398
414
404
415
398
417
415
398
415
416
413
399
398
399
400
414
398
398
397
413
398
397
412
409
416
413
413
396
412
411
412
399
411
410
410
399
411
395
397
399
428
397
399
396
396
409
398
399
398
398
413
396
397
397
412
398
429
395
414
396
397
411
431
413
412
414
413
395
396
398
398
398
399
397
414
397
413
395
430
397
414
398
396
397
432
412
398
397
434
413
396
397
412
399
412
413
412
397
417
397
399
397
414
397
399
414
397
412
397
399
416
414
399
399
396
399
445
399
397
414
426
414
416
415
400
397
398
416
419
397
430
416
418
398
413
418
415
416
397
398
398
397
414
397
411
400
398
409
410
397
399
396
417
398
397
395
410
396
400
399
414
395
398
398
401
410
415
395
401
413
396
410
399
398
413
397
410
414
416
397
399
396
417
397
401
396
401
411
400
399
400
394
396
397
398
399
411
413
397
399
400
397
401
398
413
399
403
412
401
411
419
414
414
413
402
398
399
396
402
397
401
396
415
398
413
418
403
430
399
398
413
399
401
398