D3 400
421
422
415
415
415
423
416
416
416
419
416
442
424
414
428
415
433
426
427
414
423
425
421
424
417
422
420
427
425
415
442
426
412
422
418
438
418
422
420
424
416
421
417
421
418
422
415
416
425
441
421
424
415
438
437
426
426
417
421
422
417
415
417
418
426
417
430
416
431
424
420
427
422
444
423
415
414
428
426
419
429
415
426
427
417
414
427
433
430
417
431
421
433
425
419
422
428
427
422
429
424
432
427
417
414
421
431
417
430
416
415
431
416
426
426
428
415
417
415
421
416
421
428
426
421
437
420
426
437
423
437
414
427
430
423
423
423
422
416
417
426
416
418
421
431
416
422
415
422
430
428
415
425
428
421
428
418
433
418
424
427
428
427
444
422
429
422
430
441
425
434
420
417
417
424
422
434
421
416
420
414
419
432
423
416
420
423
430
426
414
425
415
424
425
422
423
420
422
417
419
416
419
415
423
417
423
433
422
417
421
417
430
429
414
429
435
429
417
416
424
419
426
417
418
416
439
416
420
428
430
422
428
424
413
422
425
422
424
418
429
425
417
414
418
429
427
421
429
428
430
420
429
430
418
428
417
417
418
441
415
416
416
414
417
425
421
415
420
429
418
422
427
421
442
420
422
427
433
415
425
421
414
425
417
419
420
443
416
416
420
414
417
422
426
423
424
436
419
428
426
427
416
430
417
417
414
429
415
429
416
431
420
428
425
415
444
422
424
424
414
423
415
429
415
428
430
422
424
417
438
418
418
430
417
422
427
426
431
428
415
416
415
445
430
429
418
415
419
442
417
432
415
416
417
420
422
419
428
421
445
428
430
424
428
415
416
424
431
428
414
426
427
420
418
428
429
446
429
419
420
417
415
415
417
423
422
433
420
416
419
416
415
417
420
427
413
415
420
414
416
414
414
436
423
420
437
416
419
416
419
428
413
440
426
421
422
418
425
426
414
415
416
427
427
431
415
426
414
426
414
427
427
422
425
417
420
416
414
424
423
422
428
425
429
423
429
422
430
422
428
427
416
446
416
424
426
421
427
424
427
422
429
440
415
416
419
429
419
417
418
428
415
428
425
424
413
438
445
444
428
426
432
416
419
430
418
430
416
428
427
424
424
418
423
430
416
415
418
421
414
444
430
426
430
421
428
421
425
421
416
426
415
429
415
425
426
419
421
417
432
418
414
440
427
416
418
426
429
422
423
418
422
434
420
424
434
428
414
439
422
418
427
416
418
429
414
424
427
419
425
427
416
428
444
477
432
428
443
425
428
422
424
416
421
420
422
417
430
442
428
423
439
414
429
414
415
429
414
429
447
415
417
427
429
421
427
425
414
417
426
440
427
414
417
414
413
424
415
414
414