D4 400
432
432
432
433
433
432
448
434
433
433
433
432
433
433
433
433
432
433
433
433
433
433
433
432
432
447
432
433
433
433
433
432
433
433
433
433
433
432
432
433
433
432
433
432
448
433
433
433
433
434
432
430
433
435
434
433
432
433
432
432
433
432
432
446
432
433
433
432
433
433
432
433
433
433
432
433
432
433
433
433
432
432
449
432
433
433
432
433
432
433
432
432
433
432
433
433
433
433
433
433
432
448
433
449
433
433
432
432
433
433
433
435
433
433
433
433
431
432
433
433
448
433
432
433
432
433
434
433
433
433
432
433
433
432
433
433
432
432
433
447
433
433
433
433
432
433
450
432
432
433
433
433
433
433
432
433
433
433
447
433
433
433
433
433
433
432
433
449
433
433
432
432
433
432
433
433
432
447
433
432
433
432
432
433
433
433
433
432
433
432
432
432
432
433
432
433
448
432
432
433
432
431
433
433
433
448
432
433
432
432
433
433
432
433
433
446
433
433
433
433
431
432
432
433
433
430
433
432
433
432
432
432
432
433
447
432
433
433
433
433
433
432
433
433
433
433
432
433
448
432
433
433
432
447
433
433
433
433
434
432
432
432
433
433
433
433
433
431
433
432
433
433
448
433
432
433
433
433
433
433
432
432
432
433
432
432
447
433
432
433
433
447
432
433
432
433
432
433
432
449
432
432
433
432
431
447
432
432
433
433
432
433
433
432
446
432
433
433
432
433
433
432
433
432
445
432
433
432
433
449
449
433
433
433
432
433
432
435
447
433
432
435
433
448
432
433
433
432
433
433
432
450
433
432
433
433
433
447
432
433
433
433
447
433
433
432
432
432
432
433
433
432
432
433
433
432
448
433
432
432
432
447
433
450
433
433
433
433
432
433
433
432
450
433
433
448
432
432
433
432
430
449
433
434
432
433
433
433
432
433
433
433
433
431
448
433
432
432
433
447
433
433
432
431
433
433
432
433
433
433
433
433
432
429
432
447
451
433
431
449
433
433
433
433
433
433
433
433
433
433
432
432
447
433
432
433
432
448
433
433
433
433
433
433
433
433
433
433
432
433
432
448
432
433
432
433
432
432
433
433
433
432
432
433
432
432
433
433
432
433
447
433
433
432
432
431
433
432
433
433
433
432
433
433
433
432
433
432
433
448
433
433
448
433
431
433
433
433
432
433
432
433
433
433
433
432
432
433
448
432
433
432
433
430
433
433
432
433
433
431
433
433
450
432
433
433
433
448
433
432
432
433
434
433
413
431
433
433
432
432
432
449
433
433
433
432
447
432
433
433
433
433
433
433
433
432
432
433
433
433
447
433
433
432
432
448
432
433
433
433
433
433
433
433
433
432
433
433
433
448