D3 150
149
161
139
170
142
148
173
162
172
162
142
154
147
149
143
141
171
144
169
146
157
148
163
163
170
145
143
167
162
169
145
146
167
161
161
154
151
171
160
168
169
146
164
174
160
168
169
161
158
167
166
134
151
172
163
166
161
153
167
171
152
156
169
162
164
171
161
164
157
168
169
173
149
167
152
171
160
171
175
160
142
157
144
169
174
143
172
163
156
160
144
167
170
161
163
143
140
142
169
146
136
149
173
151
163
167
159
161
170
169
136
144
153
153
151
169
140
143
163
149
140
164
145
168
146
151
173
147
158
143
169
163
159
167
164
167
141
143
169
162
161
168
153
168
164
170
170
158
170
168
153
149
165
144
152
169
167
159
164
159
158
150
141
151
171
168
140
149
162
120
172
158
159
171
172
170
161
141
150
167
173
171
157
151
169
173
164
171
170
172
175
164
170
173
156
163
172
147
163
146
151
159
164
159
141
164
173
175
141
159
163
171
170
163
142
149
173
172
147
164
150
152
145
177
173
141
143
160
150
157
143
167
145
154
169
170
146
172
148
151
158
161
141
159
166
146
168
144
171
145
149
168
144
161
148
148
157
163
164
166
166
157
142
146
142
161
142
146
171
163
167
164
170
157
161
165
169
127
170
145
164
165
168
173
174
146
170
142
158
148
149
169
166
175
169
167
161
162
172
176
174
170
176
167
167
170
159
161
176
143
158
167
170
173
181
174
170
175
149
169
165
169
173
150
162
144
157
143
169
157
170
144
145
166
151
155
148
143
164
157
147
170
144
172
158
164
142
140
159
160
168
164
147
168
160
166
161
167
162
163
168
171
160
164
173
143
171
164
169
148
162
169
170
153
172
139
162
165
170
172
141
164
168
170
154
146
143
141
168
144
173
170
172
161
157
145
173
166
153
168
161
159
162
164
148
138
164
146
158
158
167
158
172
164
169
148
168
163
172
162
147
168
160
166
165
150
163
156
162
168
145
163
165
161
171
143
167
163
162
147
149
155
148
164
167
160
151
149
173
159
161
171
169
169
132
148
172
141
166
143
143
158
143
170
131
161
172
148
166
146
141
172
136
153
151
142
147
159
139
147
139
147
143
145
156
144
144
144
168
142
145
161
160
170
165
169
174
157
168
176
164
169
160
168
166
158
168
156
170
166
166
154
164
141
147
160
166
171
158
160
162
167
168
129
168
161
166
168
163
168
169
154
167
162
143
179
163
175
164
160
164
160
171
166
160
145
169
170
159
157
161
158
168
157
144
141
162
144
142
145
142
163
176
144
172
143
157
157
161
176
140
169
134
140
164
142
147
160
165
153
147
166
138
164
147
145
161
150
147
160
143
142
158
160
154
169
164
141
160
159