D4 150
182
183
181
183
199
180
182
181
182
182
180
184
178
199
180
179
183
180
183
199
182
181
182
182
182
197
183
182
183
186
180
183
182
182
183
199
199
182
182
182
184
181
184
183
184
184
182
183
183
184
182
182
198
182
181
182
182
182
182
185
180
199
183
181
182
182
184
187
182
184
180
181
184
182
180
181
182
182
180
184
182
184
183
184
182
196
182
184
182
181
180
182
184
182
183
179
184
198
181
196
180
182
181
199
182
184
181
182
182
182
183
197
182
182
198
182
182
198
182
197
181
184
196
182
200
180
182
199
182
181
179
184
184
182
182
179
199
182
182
183
181
181
196
182
184
180
184
183
182
184
196
198
182
180
197
182
182
183
181
179
185
198
182
198
184
184
185
197
181
183
181
182
183
182
181
182
181
182
197
183
180
183
183
182
182
181
185
185
182
182
182
182
184
181
184
183
181
197
182
200
198
181
182
181
182
182
183
183
198
183
182
183
180
181
179
181
184
182
180
185
180
182
181
181
182
180
216
180
179
182
197
182
183
199
182
182
198
183
182
197
181
183
197
182
184
181
182
183
185
200
196
183
180
182
197
197
183
182
182
183
185
181
180
215
181
182
183
198
183
185
182
185
182
182
181
181
184
177
181
197
182
183
183
183
184
180
184
176
182
197
197
183
186
182
182
183
182
185
182
182
181
184
184
180
185
182
181
183
181
214
185
185
182
181
182
183
182
183
197
182
182
185
182
181
185
179
184
198
183
185
180
199
179
181
182
179
178
182
182
182
180
183
183
182
185
180
181
181
182
183
181
182
198
182
182
184
183
182
183
182
183
184
183
182
182
182
182
183
183
182
182
181
180
183
183
182
182
181
179
184
181
183
183
183
199
197
182
197
182
197
181
182
184
183
185
178
182
182
182
182
181
181
181
182
199
177
181
213
182
183
182
182
182
181
182
182
182
181
181
183
197
182
183
182
184
197
185
181
182
183
179
183
181
182
183
181
182
182
181
197
179
182
197
182
183
182
197
199
182
183
178
183
185
182
183
179
182
198
183
199
197
182
197
181
183
185
182
198
180
197
181
183
184
181
198
178
181
183
181
182
184
182
182
183
182
184
199
196
182
182
180
183
183
181
181
182
183
183
180
182
183
183
183
181
185
181
182
183
180
183
184
197
181
178
181
183
185
182
182
184
183
184
183
184
185
182
185
183
197
183
180
199
182
181
197
182
184
183
181
183
183
182
184
182
181
198
183
184
183
197
181
181
185
181
199
197
183
181
196
183
179
182
181
181
183
180
183
182
184
182
181
185
182
198
184
178
181
181
183
184
196
185
183
183
197
198
182
199
199
182
179
182
182
184
182
183
185
180
182
183