D3 400
417
410
403
405
418
411
418
410
417
411
418
411
403
416
417
418
419
409
409
404
403
407
420
404
403
402
404
416
405
411
417
419
418
412
413
416
419
408
415
400
417
411
419
416
410
402
408
414
415
410
409
405
406
414
418
411
409
405
412
419
402
417
418
409
416
407
412
418
420
411
413
412
415
404
414
404
418
401
411
417
412
417
414
418
401
401
413
419
417
416
416
411
414
417
418
401
411
406
406
403
416
404
411
417
412
409
420
418
409
405
402
417
418
415
414
416
402
418
419
417
412
408
405
405
408
412
413
403
417
419
408
417
416
413
401
417
418
418
411
416
403
405
418
417
408
420
415
416
413
418
408
417
410
402
416
406
413
409
416
418
409
420
411
419
418
407
400
407
400
412
404
418
405
413
409
418
410
419
415
410
412
413
401
411
401
401
410
411
405
418
402
417
403
417
409
404
410
419
404
417
410
418
419
413
418
407
413
409
421
400
408
403
413
412
403
416
418
412
415
420
415
407
407
417
414
419
401
406
418
403
415
416
412
419
409
407
415
403
407
408
417
418
406
418
417
402
407
406
419
409
413
415
416
405
416
409
415
418
418
417
410
408
418
417
418
411
416
413
419
419
400
418
411
401
416
411
401
402
406
407
415
407
418
404
400
417
411
418
413
414
416
413
409
416
406
417
418
407
401
410
414
411
402
403
409
408
408
419
415
406
413
416
408
410
419
415
402
416
417
418
410
423
413
416
410
400
410
400
417
420
402
418
412
415
418
417
401
412
408
416
410
420
408
418
417
416
413
402
408
416
418
403
407
419
413
415
417
401
418
417
413
418
419
418
410
406
421
420
416
401
411
405
418
419
402
413
418
416
406
401
419
401
402
406
403
407
401
418
416
418
409
408
414
417
400
412
417
427
406
415
413
418
408
412
416
415
420
418
402
414
415
403
418
411
414
404
407
417
417
403
415
418
405
417
410
406
418
401
414
407
405
417
416
411
420
412
419
417
406
405
401
412
419
405
401
418
417
418
407
414
403
400
409
417
405
406
418
405
436
416
411
401
411
405
417
403
402
409
411
406
418
417
417
411
418
410
418
420
417
413
415
414
406
418
411
415
401
407
405
401
414
406
410
406
408
401
412
417
417
402
411
416
411
410
429
408
411
414
416
417
407
415
402
418
402
416
402
412
413
419
407
408
411
406
412
419
402
409
419
417
415
407
402
413
415
410
403
403
418
414
403
418
418
403
409
414
411
404
418
418
403
417
406
413
417
416
417
419
402
409
415
404
407
401
401
409
412
413
409
402
403
418
409
420
421
418
411
412
414
410
413
418
404
416
418
404
409
409
411
418
419
416
418
411
416
405
403
406
417
413