D4 400
397
416
397
413
409
394
411
394
400
399
395
394
396
395
397
397
395
410
395
395
398
395
394
396
395
413
412
433
397
398
396
396
397
396
397
398
396
396
394
411
396
396
394
398
396
395
395
411
397
393
415
399
412
397
398
398
398
397
397
396
397
411
394
394
395
410
414
397
396
397
397
395
395
396
398
396
395
412
396
399
396
398
397
397
413
396
412
397
397
395
394
408
395
394
397
395
393
397
397
411
395
412
395
413
396
434
394
396
394
395
412
396
395
397
395
412
396
410
411
410
395
397
396
395
396
397
409
394
394
394
412
396
413
397
395
396
413
395
396
396
413
395
395
409
416
411
412
396
413
396
397
396
411
396
396
395
411
412
398
397
397
394
394
411
395
395
396
398
396
410
397
410
396
397
396
397
398
412
400
397
396
397
414
399
396
395
393
395
396
394
397
412
397
396
412
394
413
396
414
412
397
396
411
396
411
395
409
410
408
412
395
396
395
396
393
396
398
396
410
409
394
411
396
395
412
395
394
396
396
394
413
398
395
413
414
412
395
393
412
395
396
411
412
412
397
395
396
411
393
413
395
414
394
397
394
397
395
402
396
397
395
399
394
398
408
394
396
412
397
398
397
397
395
396
397
395
411
409
398
395
404
397
412
395
412
396
397
396
395
398
446
397
394
396
396
395
409
397
411
397
397
396
397
398
396
395
396
409
412
394
397
397
412
397
395
395
396
396
393
407
394
406
396
398
395
412
396
393
397
430
392
393
394
397
393
396
397
395
412
393
392
395
393
412
412
398
410
395
398
401
411
397
395
410
412
412
396
395
411
396
395
396
394
410
396
393
394
396
415
396
397
396
412
393
410
396
395
412
395
395
410
396
414
394
412
414
396
411
412
413
394
396
396
411
413
396
398
447
398
395
411
396
399
397
397
396
411
400
413
397
397
396
394
413
397
396
396
411
396
399
413
397
396
395
396
396
397
412
396
398
411
397
396
397
411
395
430
395
395
412
393
394
393
394
411
396
411
395
395
397
396
395
394
411
420
412
413
397
407
397
396
396
408
395
395
412
410
395
394
395
395
395
397
395
409
414
397
395
411
412
395
395
413
396
396
398
410
396
415
398
413
413
405
396
396
396
397
395
415
396
396
396
396
412
402
412
395
395
397
396
395
399
396
396
413
397
396
397
396
395
415
397
410
397
397
413
412
396
394
397
398
396
412
396
414
398
397
413
394
410
395
411
395
432
396
413
412
396
395
395
397
396
411
395
397
396
410
407
395
394
395
410
395
411
396
411
396
399
395
409
411
396
409
392
393
412
394
393
395
398
398
394
409
397
394
395
396
398
413
396
395
395
395
395
412
395
395
410
395
408