D3 1000
1020
1019
1035
1008
1012
1021
1021
1034
1017
1020
1011
1024
1018
1006
1019
1026
1007
1009
1020
1023
1034
1007
1018
1017
1023
1019
1017
1005
1007
1019
1035
1018
1019
1023
1007
1018
1021
1028
1021
1020
1007
1005
1033
1020
1006
1012
1033
1022
1018
1006
1020
1018
1017
1007
1008
1033
1019
1006
1021
1038
1018
1021
1017
1035
1007
1017
1015
1010
1016
1020
1008
1017
1034
1017
1018
1008
1021
1034
1032
1034
1018
1033
1019
1005
1019
1037
1015
1034
1008
1034
1029
1014
1005
1006
1018
1019
1035
1016
1004
1017
1019
1019
1032
1014
1007
1017
1018
1019
1009
1018
1016
1048
1020
1021
1019
1035
1020
1017
1031
1016
1029
1016
1020
1013
1036
1033
1006
1019
1035
1011
1010
1017
1032
1009
1019
1023
1039
1030
1018
1019
1067
1025
1018
1019
1019
1029
1027
1019
1018
1017
1036
1037
1010
1016
1008
1016
1019
1009
1035
1016
1019
1017
1019
1012
1018
1007
1018
1032
1016
1019
1018
1035
1021
1018
1027
1033
1018
1018
1007
1014
1035
1020
1020
1019
1018
1017
1016
1016
1034
1019
1035
1018
1017
1031
1017
1017
1011
1032
1022
1018
1016
1032
1019
1018
1018
1020
1026
1021
1018
1015
1023
1018
1017
1018
1035
1018
1018
1032
1028
1034
1019
1020
1007
1014
1014
1021
1022
1036
1014
1018
1015
1014
1034
1018
1020
1016
1020
1018
1023
1012
1032
1010
1018
1020
1034
1014
1027
1009
1019
1034
1011
1021
1036
1019
1017
1019
1019
1018
1028
1022
1014
1025
1020
1018
1016
1018
1028
1019
1019
1019
1023
1016
1015
1016
1020
1032
1017
1019
1017
1033
1007
1019
1018
1034
1009
1017
1022
1018
1032
1012
1018
1017
1033
1010
1012
1017
1017
1018
1017
1018
1035
1020
1023
1017
1025
1035
1008
1011
1019
1034
1024
1034
1024
1018
1034
1019
1018
1017
1022
1006
1014
1035
1020
1020
1021
1051
1019
1015
1017
1011
1017
1036
1023
1018
1015
1031
1008
1015
1015
1018
1021
1019
1014
1024
1036
1019
1022
1011
1032
1011
1019
1014
1019
1027
1034
1016
1022
1032
1026
1021
1015
1030
1017
1018
1032
1013
1019
1009
1019
1018
1028
1017
1018
1034
1024
1035
1007
1016
1032
1018
1017
1016
1019
1032
1018
1014
1011
1031
1017
1017
1017
1024
1035
1035
1018
1015
1035
1035
1019
1022
1022
1019
1014
1020
1017
1017
1010
1018
1019
1014
1038
1018
1018
1023
1013
1012
1021
1022
1010
1035
1015
1034
1022
1017
1014
1020
1008
1021
1018
1018
1030
1009
1020
1017
1029
1006
1015
1020
1018
1021
1018
1016
1011
1001
1021
1024
1019
1032
1013
1005
1018
1010
1009
1017
1019
1014
1036
1016
1018
1022
1037
1015
1016
1017
1035
1023
1005
1017
1014
1022
1019
1049
1023
1032
1021
1017
1006
1023
1020
1022
1015
1045
1025
1008
1017
1022
1019
1037
1017
1037
1015
1004
1018
1019
1019
1027
1017
1018
1005
1037
1009
1005
1022
1023
1018
1011
1022
1022
1032
1022
1033
1020
1028
1019
1017
1021
1026
1019
1015
1017
1018
1034
1030
1033
1011
1032
1007
1022
1016
1029
1004
1018
1009
1023
1019
1017
1006
1018
1033
1013
1013
1010
1005
1015
1011
1018
1009
1019
1017
1085
1032
1018
1021
1030
1015
1033
1019
1018
1032
1018
1012
1004
1019
1008
1011
1021
1021
1037
1031
1023
1025
1016
1034
1014
1017
1019
1025
1019
1010
1011
1019
1018
1005
1018
1027
1033
1009
1011
1011
1035
1006
1018
1021
1021
1016
1021
1006
1018
1031
1006