D4 1000
1047
1028
1030
1030
1031
1028
1042
1029
1029
1029
1043
1046
1029
1029
1029
1028
1030
1030
1029
1043
1031
1029
1029
1045
1030
1030
1030
1044
1042
1029
1029
1029
1044
1051
1029
1028
1043
1029
1028
1029
1028
1046
1030
1029
1030
1045
1033
1029
1031
1030
1027
1027
1028
1028
1045
1031
1026
1032
1039
1026
1028
1028
1045
1027
1028
1029
1028
1041
1028
1028
1028
1043
1050
1029
1030
1040
1046
1028
1030
1030
1026
1028
1027
1028
1040
1027
1027
1045
1046
1030
1027
1031
1031
1042
1044
1028
1046
1044
1046
1027
1027
1046
1029
1029
1033
1031
1045
1029
1029
1030
1044
1031
1028
1027
1044
1028
1045
1028
1029
1045
1030
1028
1030
1043
1030
1031
1027
1026
1028
1045
1028
1032
1029
1031
1028
1027
1042
1030
1033
1030
1065
1032
1031
1030
1030
1032
1030
1049
1044
1047
1033
1029
1032
1046
1044
1030
1030
1043
1027
1029
1029
1026
1025
1030
1030
1029
1029
1029
1029
1040
1041
1026
1026
1027
1041
1027
1027
1043
1030
1047
1030
1029
1030
1044
1044
1047
1029
1029
1030
1031
1027
1027
1043
1029
1028
1031
1043
1030
1028
1030
1042
1032
1028
1028
1029
1042
1028
1026
1061
1042
1029
1027
1030
1044
1028
1028
1028
1029
1046
1028
1028
1028
1043
1028
1028
1044
1044
1028
1031
1028
1028
1046
1028
1029
1026
1044
1027
1029
1033
1043
1029
1028
1033
1029
1044
1032
1028
1047
1044
1028
1029
1026
1027
1030
1045
1027
1029
1030
1031
1030
1029
1042
1029
1030
1028
1044
1030
1029
1030
1029
1028
1028
1029
1029
1027
1030
1029
1027
1025
1028
1030
1028
1027
1028
1026
1029
1028
1042
1046
1025
1045
1045
1030
1029
1026
1042
1050
1029
1027
1030
1044
1027
1027
1028
1028
1031
1046
1030
1030
1030
1028
1030
1028
1028
1030
1029
1028
1043
1027
1030
1028
1043
1029
1027
1028
1048
1027
1030
1031
1028
1045
1028
1027
1029
1043
1034
1031
1031
1030
1048
1030
1031
1027
1043
1028
1030
1029
1027
1029
1028
1029
1044
1030
1029
1029
1030
1043
1031
1030
1031
1042
1028
1030
1029
1061
1044
1028
1030
1027
1044
1031
1028
1047
1027
1031
1032
1028
1047
1031
1028
1030
1028
1044
1047
1030
1028
1047
1028
1030
1028
1028
1029
1047
1033
1029
1048
1029
1027
1025
1041
1027
1025
1027
1044
1028
1030
1043
1028
1026
1027
1026
1028
1042
1029
1030
1029
1043
1029
1027
1030
1028
1028
1027
1029
1028
1042
1027
1028
1029
1045
1027
1027
1049
1044
1030
1028
1028
1043
1028
1028
1028
1028
1047
1030
1030
1028
1046
1030
1028
1031
1029
1043
1030
1029
1031
1044
1028
1030
1029
1044
1029
1029
1049
1031
1031
1044
1045
1029
1026
1028
1030
1045
1025
1030
1030
1028
1030
1031
1032
1025
1029
1067
1028
1030
1028
1041
1029
1028
1028
1043
1045
1031
1030
1027
1043
1030
1045
1047
1046
1028
1062
1031
1043
1032
1028
1032
1028
1040
1031
1025
1031
1042
1032
1032
1031
1024
1031
1025
1028
1031
1042
1030
1025
1044
1026
1030
1030
1027
1042
1049
1028
1026
1029
1045
1045
1030
1043
1046
1029
1040
1030
1043
1028
1028
1047
1029
1029
1029
1027
1030
1043
1028
1029
1028
1045
1027
1028
1029
1045
1046
1030
1030
1029
1044
1045
1027
1027
1043
1027
1028
1029
1044
1027
1032
1029
1044
1028
1028
1045
1029
1045
1028
1032
1029
1041
1029
1029
1030
1065
1027
1030
1031
1027
1043
1030
1044
1029
1044
1032
1028