D3 1000
988
995
992
1000
1006
1001
1001
992
995
992
991
1002
1009
988
1003
1001
996
989
994
1017
985
995
1012
988
1010
1011
999
995
991
995
986
985
989
1007
990
988
988
997
988
1001
996
993
985
1001
994
998
997
1006
1016
990
987
996
1007
991
1005
1006
987
993
994
1011
997
998
1017
1010
988
1000
989
1007
990
987
1006
988
1015
1010
988
991
993
1004
996
988
991
1005
996
987
995
989
985
998
1000
994
1010
995
985
994
988
991
994
1018
991
1011
992
999
997
1003
1004
995
1003
989
985
1007
987
999
1000
998
985
1016
992
994
990
1018
994
988
1013
998
990
988
988
994
1008
1015
988
1009
992
1007
986
992
986
1018
985
1009
990
993
1000
1012
987
993
994
1016
988
996
999
1011
993
1000
989
991
985
985
998
1013
997
987
1016
999
1018
991
991
996
992
1019
1012
1018
1006
1000
1017
997
992
1010
1001
999
1005
1013
1007
1016
990
999
986
1009
989
989
994
991
1005
987
1009
995
990
987
994
995
987
986
1012
988
991
1007
997
998
988
1012
985
991
1000
1003
997
1000
991
1000
992
1015
998
995
998
986
992
1010
992
990
986
991
1006
987
991
1010
1000
1006
991
991
991
1001
1018
989
987
997
1001
995
991
999
986
989
1012
993
1000
986
989
1004
988
1001
997
993
998
1018
995
990
1015
986
991
987
993
1005
986
1000
987
1000
992
1015
997
1002
989
1013
990
994
1008
995
1018
995
1005
986
999
988
1017
1007
1006
990
993
1015
995
1017
994
1005
989
1000
1000
988
1012
995
993
991
988
1012
994
986
997
988
991
1018
1015
987
996
1011
986
1016
1016
991
985
1013
987
997
1008
1007
1014
997
992
988
987
1006
1001
987
1013
1016
991
990
989
1006
994
1009
988
988
993
994
998
993
987
1013
994
986
1010
1006
995
992
991
998
1000
1016
998
986
999
986
995
990
996
996
1000
996
995
995
985
1012
1013
989
988
999
985
1007
991
999
988
989
1006
1001
1000
1007
986
999
989
988
1008
986
1014
1016
990
997
990
987
986
999
993
1002
987
997
1015
990
996
998
994
987
1006
998
997
994
1012
1015
988
1001
1005
988
993
988
994
1009
1005
998
993
996
988
1000
992
992
999
991
985
993
1006
1016
1017
989
996
1011
987
993
1006
1004
997
1008
1000
1011
997
993
989
999
991
990
997
992
1001
986
988
1005
998
990
999
996
997
1002
992
988
998
1001
999
1006
994
991
1010
1016
1004
1006
993
999
996
1010
1014
1017
986
1014
1009
986
1000
1014
989
1018
996
991
1012
1002
993
989
987
998
1002
991
987
988
994
988
1004
988
987
1005
989
1008
1014
986
1007
1002
1004
1005
986
1015
999
988
1013
986
999
998
1017
986
991
987
986
1002
1013
988
989
1009
997
988
993
997
990
987
998
996
1011
988
992
1006
991
1004
987
1012
993
1002
1003
1014
993
987
1012
989
1014
1006
1013
990
992
994
990
986
986
1000
997
997
993
993
991
1003
995
1010
987
1001
1001
1015
987
995
998
992
1004
1000
991
992
991
1012