D4 1000
1017
1017
1000
1001
1000
1001
1000
1017
1001
1000
1001
1001
1001
1001
1016
1000
1000
1017
1000
1017
1016
1017
1000
1018
1001
1000
1017
1000
1000
1000
1001
1000
1000
1001
1017
1001
1001
1000
1000
1016
999
1000
1001
1000
1001
1000
1000
999
1001
1001
1016
1017
1018
1001
1000
1017
1015
1000
1017
1001
1033
1017
1017
1000
1018
1018
1000
1016
1001
1000
1017
998
1018
1018
1002
1001
1017
1000
1001
1016
1000
1018
1016
1017
1016
1015
1002
1016
1001
1001
1000
1000
1000
1017
1000
1000
1016
1000
1017
1017
1018
1000
1000
1000
1000
1017
1017
1002
1001
1017
1000
1002
1017
1016
1017
1000
1017
1000
1016
1001
1017
1017
1017
1017
1000
1017
1000
1017
1001
1017
1016
1000
1000
1018
1017
1017
1001
1017
1001
1003
1002
1016
1000
1000
1015
1001
1001
1000
1000
1000
1000
1001
1000
1001
999
1015
1018
1001
1017
1017
1000
1017
1001
999
1002
1016
1015
1019
1032
1001
1002
1016
1020
1000
1018
1002
1002
1001
1016
1001
1018
1000
1002
1017
1001
1017
1002
1017
1017
1001
1002
1017
1017
1000
1002
1000
1000
1014
1001
1017
1017
1016
1000
1000
1000
999
1017
1017
1001
1000
1001
1018
1016
1002
1018
1017
1017
1002
999
1000
1001
1000
1017
1016
1016
1001
1001
1000
1000
1001
1000
1017
1000
1001
1000
1000
1015
1018
1000
1000
1017
1001
1015
1016
1017
1018
1018
1017
1000
1015
1017
1000
1000
1017
1015
1001
1017
1016
999
1000
1018
1000
1016
1001
1016
1018
1016
1018
1017
1018
1017
1001
1017
1018
1001
1001
1000
1017
1016
1000
1000
1016
1000
1018
1000
1016
1003
1016
1000
1002
1001
1014
1002
1000
1000
999
1000
1017
1000
1017
1001
1017
1001
1000
1000
1001
1001
1001
1001
1002
1018
1001
1000
1001
1017
1016
1001
1017
1001
1017
999
1001
1000
1018
1015
1001
1001
1001
1017
1001
1000
1016
1000
1000
1017
1001
1001
1000
1017
1001
1001
1015
1001
1000
1001
1001
1001
1001
1017
1001
1017
1001
1017
1001
1017
1017
1017
1002
1000
1015
1001
1001
1015
1033
1000
1015
1001
1016
1000
1018
1001
1000
1000
1000
999
1017
1001
1017
1000
1016
1000
1016
999
1001
1001
1001
1017
1000
1001
1018
999
1001
1017
1017
1002
1017
1001
1017
1000
1002
1017
1002
1000
1017
1000
1017
999
1001
1018
1018
1016
1003
1018
1000
1017
1000
1017
1016
1017
1001
1001
1017
1015
1001
1001
1002
1000
1000
1000
1000
1003
1017
1017
1017
1002
1001
1017
1017
1000
1000
1000
1017
1000
1017
1001
1016
1018
1017
1003
1017
1019
1017
1000
1016
1000
1017
1000
1002
1000
1017
1000
1018
1017
1000
1017
1017
1016
1018
1017
1000
1001
1000
1000
1000
1015
1002
1017
1000
1017
1016
1000
1001
1000
1000
1000
1019
1002
1017
1000
1018
1033
1017
1000
1000
1016
1017
1017
1000
1016
1017
1017
1016
1001
1016
1000
1016
1000
1002
999
1001
1001
1002
1017
1000
1000
1017
1016
1000
1001
1001
1002
1000
1018
1018
1017
1002
1015
1017
1017
1001
1000
1017
1017
1016
1016
1000
1017
1001
1000
1003
1017
1017
1001
1016
1000
1001
1002
1033
1017
1002
1001
1018
1001
1000
1002
1017
1002
1000
1017
1001
1000
1001
1000
1016
1000
1001
1001
1017
1003
1017
1000
1018
1001
1015
1017
1017
1000
1017
1017
1000
1001
1015
1017
1017
1000
1000
1001
1018
1015
1017
1001
999
1017
1000
1002
999
1000
1016
1000
1016