D3 400
411
402
413
415
409
402
410
409
403
416
416
415
414
411
413
413
406
415
413
405
410
405
404
416
411
411
413
414
408
412
415
415
412
410
408
402
416
412
402
414
414
414
415
411
404
401
414
408
404
417
409
401
412
409
413
403
406
406
415
414
412
410
402
413
413
408
415
411
408
402
404
409
415
402
417
412
403
415
414
406
414
406
413
414
415
412
417
411
412
415
412
406
416
411
406
415
407
403
414
410
407
408
401
412
403
415
409
418
413
401
406
416
412
409
417
411
401
402
413
413
413
408
414
407
401
414
407
411
417
411
406
417
408
407
414
409
403
412
407
417
404
415
410
404
415
406
412
414
407
417
414
417
412
404
414
409
417
408
406
416
402
412
403
418
417
408
415
402
413
408
414
411
405
415
409
404
413
413
406
414
401
410
416
411
407
415
407
407
413
407
402
410
402
412
407
403
412
417
413
407
417
405
402
414
402
413
406
401
403
410
408
417
408
408
402
410
407
417
412
410
413
410
401
414
410
406
413
407
416
408
402
416
412
404
414
412
408
414
413
407
413
407
415
407
416
410
409
406
416
411
406
404
416
411
408
417
408
414
405
402
415
410
408
401
408
407
407
401
413
413
403
412
408
402
410
414
403
416
413
409
417
407
402
415
411
413
417
414
404
413
406
417
413
409
402
408
407
414
410
402
415
407
414
403
414
407
401
415
413
408
415
410
416
409
401
413
406
415
411
405
415
412
406
417
410
418
415
407
415
404
412
411
402
412
409
418
411
414
405
415
411
403
412
409
416
414
408
417
413
415
413
403
416
411
407
414
426
415
403
414
408
416
414
413
407
410
403
411
411
404
413
411
410
409
403
415
416
414
414
411
403
412
406
416
407
417
412
417
417
408
410
403
412
404
417
404
404
413
409
410
416
412
406
411
406
415
410
404
413
416
409
401
412
415
405
414
412
407
416
416
411
415
411
401
415
403
416
410
405
403
411
401
415
410
406
412
407
415
408
415
411
403
412
406
418
408
414
410
403
415
413
409
415
410
417
417
406
416
413
409
408
403
413
403
404
414
407
412
410
402
411
417
413
410
415
413
413
406
416
407
401
413
406
416
405
401
414
413
407
415
411
404
414
407
415
408
417
410
405
414
413
406
401
414
410
404
414
408
415
409
404
413
412
415
414
414
412
409
401
416
419
412
403
412
402
410
404
414
409
403
411
414
411
402
400
409
414
408
417
415
406
411
402
413
406
416
410
404
414
412
410
402
411
404
415
403
408
404
409
406
415
408
414
412
403
412
403
413
409
404
415
406
415
411
402
413
405
413
406
413
408
416
414
410
415
405
416
416
408
402
412
412
416
402
411
403
412
404
408
412