D4 400
399
400
400
415
400
399
399
399
416
399
399
400
400
400
400
400
400
399
398
400
399
399
414
400
400
400
399
399
400
400
400
399
399
399
399
399
399
400
399
400
399
414
399
399
399
400
399
400
399
400
401
400
400
400
399
400
399
399
400
399
414
399
400
401
400
414
399
400
400
399
400
399
399
400
400
399
399
399
416
415
399
401
400
401
414
399
399
399
400
399
400
400
416
400
399
399
399
414
399
399
399
399
400
414
399
400
399
400
399
400
416
401
399
399
399
399
400
400
400
400
400
400
415
400
400
400
400
416
399
399
399
399
400
400
400
400
400
402
399
399
399
414
399
400
400
400
399
399
400
399
400
400
400
401
399
399
399
400
399
399
414
401
400
399
400
414
399
400
400
399
401
400
400
400
400
399
399
400
401
415
416
401
399
399
414
414
400
399
400
400
400
399
399
402
400
399
399
399
414
399
400
399
399
414
414
400
400
399
400
401
399
399
400
406
400
400
418
399
400
400
399
399
414
400
399
398
402
399
399
399
399
399
399
400
399
400
397
399
399
399
400
412
400
399
399
400
400
400
399
400
399
400
400
400
400
400
400
400
399
399
414
400
399
399
399
400
399
400
400
399
399
399
400
399
399
400
399
400
400
413
400
399
399
399
398
399
399
416
402
399
399
400
399
399
400
400
399
400
415
399
399
400
400
399
400
399
399
400
400
400
399
416
400
400
399
399
400
414
399
400
399
399
400
416
399
400
399
400
399
399
399
400
400
399
399
401
414
399
400
400
399
415
400
399
400
400
399
399
399
401
400
399
401
402
399
415
411
399
400
399
399
399
400
400
399
400
399
416
399
399
399
399
399
399
414
400
399
399
400
416
400
399
399
399
402
399
399
399
400
399
400
399
400
415
399
399
400
400
414
400
400
399
399
400
399
401
399
399
399
400
399
400
414
401
399
399
399
414
400
399
399
400
400
401
399
399
400
400
399
399
401
415
400
399
398
400
414
400
400
416
401
399
415
399
402
399
399
400
400
399
399
400
399
399
416
414
400
400
399
399
400
400
400
415
402
400
399
416
400
415
399
399
400
400
416
399
399
399
400
399
399
399
400
399
400
400
399
399
414
399
400
399
399
414
399
400
399
399
399
400
400
401
400
399
399
399
399
399
399
399
400
400
414
401
401
401
402
400
399
399
400
399
399
399
399
399
399
399
399
399
399
400
399
400
400
399
400
399
399
399
399
399
399
400
399
399
399
399
399
416
414
400
401
400
400
399
417
400
400
400
400
400
399
416
400
399
400
399
400
415
399
400
400
400
399
416
415
399
400
399
399
399
400
399
399
399
399
400
415
399
416
399
400
416
400
400
400
401
400
402