D3 400
388
391
395
386
390
388
396
395
409
405
392
397
396
386
400
400
396
390
387
413
388
395
394
388
392
398
397
402
403
407
390
400
393
385
407
395
401
414
387
415
398
389
408
397
392
400
392
390
398
413
401
413
395
414
404
396
395
386
402
413
393
415
390
398
386
397
390
387
406
385
385
396
415
390
400
389
390
387
387
412
399
403
401
391
392
402
404
398
414
395
396
400
390
396
399
396
385
387
386
401
393
396
395
397
403
390
386
397
393
388
397
398
397
395
399
396
391
395
400
404
401
406
389
396
395
387
390
393
389
397
397
402
399
401
401
399
401
396
407
387
395
400
404
395
387
400
388
412
396
387
412
401
399
391
402
391
403
392
395
393
401
390
400
397
390
388
399
385
392
391
399
400
398
397
400
399
400
410
395
387
391
397
413
391
386
385
400
393
388
401
392
401
397
400
401
387
388
388
399
390
392
390
415
403
409
391
414
401
404
392
395
385
391
404
395
390
400
386
400
405
400
386
401
399
386
396
389
395
413
399
389
392
395
387
389
386
385
409
392
391
398
395
390
392
394
397
394
407
415
386
388
395
391
411
399
392
385
396
413
386
393
386
387
405
409
400
386
396
401
413
396
386
391
391
394
398
397
398
396
394
397
404
389
399
400
401
387
398
412
399
416
401
398
385
391
416
395
398
389
415
386
395
398
401
406
414
389
407
414
389
417
393
395
416
399
386
414
397
413
401
412
405
385
394
386
389
387
395
388
386
396
399
409
397
399
388
396
388
404
397
393
402
391
397
390
411
405
400
386
395
401
407
388
398
419
414
391
397
392
386
394
399
400
400
397
388
403
389
397
416
410
404
396
392
393
409
402
397
396
402
401
405
385
402
398
414
386
401
397
392
400
399
385
391
414
392
399
387
399
387
396
397
389
385
386
400
391
401
386
398
414
404
393
398
391
390
398
393
394
390
400
407
413
402
390
399
385
402
390
404
397
388
412
397
386
401
399
399
417
415
401
386
415
389
387
396
402
398
401
404
398
398
398
389
397
388
408
415
404
392
413
400
398
394
395
391
386
393
385
385
416
395
399
399
391
393
392
399
394
407
414
388
392
396
388
397
398
397
391
401
405
399
390
392
396
400
399
400
405
401
396
384
399
407
396
389
396
395
397
416
404
393
409
396
404
388
400
395
397
399
387
397
399
387
397
391
416
398
398
393
400
388
388
415
401
391
402
394
397
396
414
403
407
387
394
390
389
393
389
394
412
404
400
401
391
405
385
400
417
413
410
395
396
398
401
392
407
413
400
401
390
392
413
402
411
408
410
385
398
388
406
410
413
398
388
396
394
387
415
389
398
385
400
386
385
394
401
390
394
399