D4 400
400
400
411
400
416
416
399
412
400
400
399
400
413
399
416
417
416
413
416
400
401
417
411
401
399
417
399
412
400
418
400
415
429
416
401
400
400
412
400
399
400
416
412
400
398
418
415
410
399
399
400
404
411
400
399
416
401
412
416
418
400
417
427
399
417
400
416
428
401
416
402
400
414
399
415
400
417
412
417
400
402
418
413
400
400
421
418
413
401
432
401
400
415
400
401
417
417
428
400
401
432
400
411
399
432
400
401
429
416
399
400
401
413
401
401
419
418
414
400
400
417
417
411
401
417
416
400
428
417
415
417
402
412
415
401
402
402
414
400
416
399
418
413
400
401
400
417
414
401
432
401
401
412
417
418
417
401
429
417
400
416
401
413
402
400
399
400
426
401
417
416
419
413
416
417
401
418
410
418
401
416
401
411
400
401
399
417
413
417
400
400
400
411
417
400
400
399
411
400
400
402
416
429
401
415
401
401
411
402
399
417
399
429
419
398
401
399
413
418
401
399
400
413
399
414
400
400
410
400
400
400
400
412
400
418
401
418
417
416
417
418
432
412
399
414
402
416
431
402
400
416
399
412
400
402
400
402
426
403
417
400
418
429
417
419
399
432
411
418
416
399
416
411
401
415
419
399
411
402
415
417
402
412
419
403
401
401
412
402
400
401
402
411
400
415
399
417
414
400
401
400
399
412
416
418
401
417
413
401
433
401
431
428
418
402
420
401
412
401
401
402
400
430
400
415
400
416
412
418
400
418
401
430
417
401
401
401
411
418
400
400
416
429
418
417
402
401
427
400
401
432
418
411
418
416
418
415
413
416
400
416
400
410
401
412
433
401
413
400
401
400
424
411
400
433
406
401
429
400
418
400
403
413
400
432
417
416
411
418
416
417
417
428
400
401
400
401
412
400
418
416
417
428
417
400
416
416
411
415
399
401
419
413
400
400
416
401
428
417
417
401
402
413
417
416
401
418
412
400
401
416
400
428
417
401
400
417
429
418
401
399
400
428
401
415
400
416
413
401
416
401
402
412
417
402
401
418
428
400
401
418
438
412
416
400
417
417
413
416
417
401
416
427
415
418
399
416
428
416
417
419
401
427
418
402
417
418
430
403
419
400
400
429
401
416
415
419
426
401
417
401
400
411
402
416
415
418
429
400
400
417
401
429
418
432
401
414
413
400
400
400
401
428
417
401
417
418
428
402
415
399
400
428
400
401
401
400
428
401
401
402
401
429
400
417
402
399
412
402
414
418
401
411
401
415
416
416
429
419
401
402
401
410
401
401
417
402
414
415
401
400
417
430
417
400
402
418
411
417
400
401
401
414
401
416
417
416
428
417
432
402
401
411
417
415
416
417
429
402
402