D1 150
10
4
8
2
2
2
2
2
2
1
2
3
2
1
1
2
1
1
1
1
1
2
4
1
2
1
1
1
1
4
1
2
7
1
2
2
2
1
2
2
1
1
2
2
2
2
1
1
1
1
1
2
2
2
1
1
1
2
1
1
2
2
2
1
1
1
1
4
1
2
1
1
1
1
1
2
1
1
2
1
1
2
2
1
1
2
1
2
1
1
1
1
5
4
1
1
2
2
1
1
2
1
1
2
1
2
1
1
1
1
2
1
1
2
1
2
2
1
1
2
1
2
1
1
1
1
1
1
1
1
2
3
1
1
2
1
2
1
2
1
2
4
1
2
1
2
2
2
2
1
1
3
1
2
4
3
2
2
1
2
1
2
3
1
2
2
1
2
1
1
1
2
2
2
3
2
1
1
2
2
2
5
1
2
1
1
2
2
2
1
2
1
1
4
2
1
1
2
2
4
2
1
2
2
1
1
2
2
2
1
1
2
1
2
2
2
1
2
3
2
2
5
2
2
1
2
1
1
2
2
2
2
2
2
1
2
1
3
4
2
1
2
2
1
1
1
2
1
1
1
3
3
1
1
2
2
1
2
1
2
1
1
1
2
1
2
2
1
2
1
1
1
4
2
5
1
2
1
1
2
1
2
1
2
1
2
2
1
4
1
4
2
2
1
1
1
2
2
2
1
2
2
1
2
2
1
1
1
1
1
1
2
2
1
2
2
2
1
2
2
3
1
2
2
2
1
1
2
2
1
1
1
1
1
2
2
2
2
2
1
1
1
1
1
1
2
1
2
2
5
1
1
1
2
1
2
1
1
2
2
2
2
2
1
3
2
2
1
1
1
1
1
2
1
1
2
2
2
1
1
1
2
2
2
1
1
2
2
2
2
2
2
2
1
1
2
1
1
1
2
2
2
2
2
4
2
3
2
2
1
2
3
2
2
2
1
2
2
1
2
1
2
1
1
4
1
2
1
2
2
2
1
2
1
2
1
1
1
2
2
1
1
1
1
1
2
2
1
1
2
2
2
2
2
1
2
2
1
2
2
2
2
1
2
1
4
2
1
2
1
2
2
2
1
2
2
2
2
2
1
2
2
2
2
1
1
2
1
6
2
1
2
2
2
2
2
1
2
2
2
2
2
1
1
2
2
1
1
2
2
1
2
2
1
2
1
1
1
2
2
2
1
2
5
2
1
2
2
2
1
2
3
2
2
2
2
1
1
1
1
1
1
1
2
1
2
2
1
1
2
4
1
1
1
1
2
1
2
2
2
2
2
2
2
1
1
2
2
1
2
1
2
1
1
2
2
5
1
2
1
2
1
4
1
1
1
1
8
2
1
2
1
1
2
2
2
2
6
1
1


D2 150
1
1
1
0
1
1
1
1
1
1
0
0
1
1
1
0
0
0
0
1
0
1
1
1
1
1
1
0
1
1
1
1
1
0
1
1
0
1
1
1
1
1
0
1
1
1
2
1
1
1
1
1
1
1
0
0
1
1
1
1
1
0
1
1
1
1
1
1
1
1
1
0
1
0
1
1
0
1
1
1
1
0
1
1
0
1
0
1
1
1
1
1
1
1
1
0
1
0
1
0
1
1
1
1
1
1
1
1
1
1
0
1
1
0
1
1
1
1
1
1
1
1
0
1
0
1
1
1
1
0
1
1
1
0
1
1
0
1
1
1
1
1
1
1
1
1
1
1
1
1
1
0
1
1
1
1
1
1
0
0
0
1
1
1
1
1
1
1
1
1
1
1
1
0
0
1
1
1
0
1
1
1
0
0
2
1
1
1
1
1
1
0
1
1
1
0
0
0
1
1
1
1
1
0
1
1
1
1
1
1
1
1
1
1
0
1
1
1
1
1
1
1
1
1
1
2
1
1
1
1
0
1
1
1
1
1
1
1
1
1
0
1
0
1
1
1
1
1
1
1
1
0
1
1
0
1
0
1
1
1
0
0
1
1
1
0
1
1
1
1
1
1
1
1
1
1
1
1
1
1
1
1
1
1
1
1
1
1
1
1
1
1
0
1
1
0
1
1
1
1
1
1
1
1
1
1
1
0
1
1
0
1
0
0
1
1
1
0
1
1
0
1
1
1
1
1
1
1
0
1
0
1
1
1
1
0
1
0
1
1
1
1
1
1
1
1
1
1
1
1
0
1
1
1
1
1
1
1
1
1
1
0
1
1
1
1
1
1
1
3
1
1
1
0
1
1
1
1
2
0
0
1
1
0
1
2
1
1
1
1
1
1
1
1
1
1
0
1
1
1
0
1
1
1
1
1
1
1
1
1
0
1
0
0
1
1
0
1
1
1
0
1
1
0
1
1
0
1
2
1
1
1
1
0
0
0
1
1
1
1
1
1
1
1
0
1
0
1
1
1
1
1
1
2
1
1
1
0
0
0
1
1
1
1
1
1
1
1
2
2
1
1
1
1
1
1
1
1
2
1
1
1
1
1
1
1
0
1
1
1
1
1
1
1
0
1
1
0
1
1
1
1
1
1
1
1
1
1
1
1
1
1
0
1
1
1
1
1
1
1
1
1
1
1
1
1
1
0
0
1
1
1
1
0
1
0
1
1
1
1
1
1
0
1
1
1
0
0
1
1
0
1
1
1
1
0
1
1
1
1
1
0
1
1
1
1
1
1
1
1
1
1
1
3
1
1
1
1
1
1
1
0
1
1
1
1
1
1
1
1
1
1
0
1
1
1
0
1
0
1


D3 150
193
178
201
193
167
179
190
168
195
191
189
175
184
167
165
181
177
188
166
167
167
180
185
181
179
188
163
192
189
174
168
165
181
189
185
177
191
188
168
164
178
168
179
192
186
165
194
177
170
180
175
172
185
195
168
165
188
166
195
189
167
167
184
180
193
171
164
174
167
168
189
166
192
189
186
194
188
170
184
181
180
192
170
166
182
176
168
177
190
179
179
189
176
168
181
182
193
173
184
194
176
170
184
183
179
180
179
164
179
179
178
179
188
165
180
183
184
176
190
182
179
199
190
188
167
170
165
178
172
170
166
184
191
168
168
168
180
178
171
163
193
180
191
182
195
171
169
179
171
168
167
196
189
193
176
176
166
182
179
193
184
179
176
169
166
193
186
176
171
165
171
167
182
190
175
171
179
170
179
196
193
174
180
178
169
179
179
194
169
168
167
177
191
173
180
189
193
190
196
174
168
183
179
182
192
187
167
178
193
186
168
195
190
168
181
192
196
192
170
181
192
174
169
194
191
170
178
178
171
181
178
194
170
179
171
168
182
193
192
168
180
180
178
187
168
166
180
191
168
181
168
193
187
165
197
168
181
182
169
169
167
178
169
168
167
193
175
201
169
184
167
190
167
177
168
191
170
165
194
168
170
166
193
170
178
172
179
177
191
175
175
185
180
190
168
165
196
177
170
191
168
167
195
186
166
179
178
185
181
178
179
180
189
167
193
191
170
194
193
187
177
171
167
181
192
168
180
176
183
169
169
167
180
189
169
184
195
194
175
170
180
167
183
194
171
170
193
194
178
182
171
180
178
188
166
180
169
167
192
193
171
183
177
169
179
166
187
178
189
167
195
190
167
183
166
178
170
176
170
191
195
176
169
168
178
190
170
181
191
172
180
190
168
177
170
169
182
182
167
169
177
169
168
178
191
167
192
168
167
195
176
175
181
188
180
178
193
186
179
194
187
184
180
189
174
178
167
188
167
170
175
165
180
188
170
183
179
190
183
178
181
170
180
180
178
189
166
184
182
181
180
179
178
187
166
182
178
177
173
166
192
174
178
194
178
175
167
181
184
178
182
182
181
179
172
184
182
182
190
166
178
178
171
168
177
169
168
182
188
183
188
181
178
190
167
177
171
179
191
170
167
183
195
188
167
181
165
189
164
192
168
165
178
164
192
170
179
171
168
184
192
169
177
192
166
180
188
184
171
180
179
169
181
192
168
195
181
210
188
182
245
170
178
175
179
195
170
212
179
179
175
164
178
188
188
177
188
167
180
192
183
180
189
183
195
181
171
194
170
183
178
191
166
194
167
192
174
180
177
170
184
182
176
171
181
194
170
188
178
170
168
179
190
166
179
177
175
210
179
191


D4 150
182
182
182
181
181
181
182
181
182
182
181
182
196
182
182
181
182
182
198
184
182
181
200
183
182
182
181
182
182
182
182
182
183
181
182
182
182
181
181
182
181
182
181
182
181
182
182
182
182
182
199
198
182
181
181
197
183
182
199
181
182
182
199
197
182
181
182
198
182
182
182
196
184
181
197
200
199
180
182
183
199
182
199
200
196
183
181
183
181
182
182
184
199
182
182
183
182
181
196
182
182
180
182
199
181
182
182
182
182
182
182
198
182
184
182
182
182
181
181
182
181
178
182
198
182
182
181
182
199
181
199
184
182
183
182
182
184
181
182
182
182
181
182
184
182
183
182
182
181
182
181
183
182
182
181
182
182
182
181
181
182
183
182
182
181
182
181
181
199
181
181
182
181
182
180
182
182
181
182
197
182
199
183
182
199
182
180
182
182
183
198
181
182
183
182
182
200
182
196
184
181
199
182
181
184
183
182
182
199
183
181
182
181
182
181
182
183
182
182
182
182
184
196
182
199
182
199
181
199
182
179
182
198
181
199
182
182
182
182
182
201
197
182
180
182
182
182
182
182
181
198
182
182
182
198
198
182
182
182
181
179
198
200
182
181
181
182
182
182
182
182
182
183
182
182
181
181
182
182
181
182
198
182
182
183
200
181
181
182
183
182
182
182
180
182
182
182
180
182
182
181
197
182
182
184
200
182
182
180
183
182
181
200
182
199
181
181
182
183
183
198
199
196
199
181
182
199
182
181
182
181
181
182
184
182
182
182
182
182
198
182
199
182
198
199
182
182
182
182
181
198
181
182
184
182
182
201
182
182
181
199
182
199
200
182
199
182
181
182
180
182
182
182
182
182
199
182
199
199
195
182
183
181
181
182
182
182
180
182
182
182
182
182
182
182
181
181
182
196
182
198
181
181
181
182
182
181
182
198
181
182
182
183
180
183
182
180
199
181
200
183
184
181
183
182
198
199
184
182
181
183
201
182
201
182
182
195
197
184
182
182
179
182
182
181
183
184
182
198
183
184
183
181
182
181
196
182
181
197
182
182
181
182
183
182
182
182
183
181
182
182
181
182
182
197
182
199
182
178
182
183
181
197
182
181
183
181
182
183
197
182
182
182
180
182
182
180
181
182
182
198
181
182
182
181
198
181
181
182
182
182
182
195
182
182
181
182
181
181
182
181
182
181
182
182
181
182
183
181
198
198
198
182
181
196
182
201
182
181
199
182
197
183
182
184
181
182
199
182
182
182
182
183
183
183
182
184
182
199
182
182
183
182
181
182
182
183
199
181
181
183
182
182
182
180
184
182
180
182
181
182
182
182
198
182
182
198
180
182
198
182
182
182
180
181
198
181
181
184
182


D1 400
1
1
2
1
1
1
1
1
1
1
1
0
3
1
1
1
1
0
1
1
1
1
1
1
1
0
1
1
0
0
0
0
1
1
1
1
1
1
1
1
0
1
1
1
1
1
1
1
1
1
0
1
1
0
1
1
0
1
1
1
1
1
1
1
1
1
1
0
1
1
1
1
1
1
1
1
1
1
1
0
1
1
1
0
1
1
1
1
1
1
1
1
1
1
1
1
1
1
0
1
1
0
0
1
1
1
1
1
0
1
1
1
1
1
1
1
1
0
1
1
1
1
1
2
1
1
0
1
1
0
1
2
0
1
1
0
1
1
1
1
1
1
1
1
0
1
0
1
1
1
1
1
0
1
1
1
1
1
1
1
1
0
1
1
1
1
1
1
2
1
1
1
1
1
0
1
0
1
1
0
1
1
1
1
1
1
1
1
1
1
1
0
1
1
1
1
1
1
1
1
1
0
1
1
1
1
1
1
1
0
1
1
1
1
1
1
1
1
1
1
1
0
1
0
1
0
1
1
1
1
3
1
1
1
1
1
1
1
1
1
3
1
1
1
1
1
1
1
1
1
2
1
0
0
1
1
1
1
0
0
1
1
1
1
1
0
1
1
1
2
0
1
1
0
1
1
1
1
1
1
0
1
1
1
1
0
1
1
1
1
1
1
1
1
1
0
1
1
1
1
1
1
1
0
1
0
1
1
1
1
1
2
1
1
1
1
1
1
1
1
1
1
1
1
1
1
0
1
1
1
0
1
0
1
1
0
1
1
1
0
1
1
1
0
1
1
1
1
1
2
1
1
1
1
1
1
1
1
1
1
1
1
1
1
1
1
0
0
1
1
1
1
0
1
0
1
1
1
1
0
1
1
0
1
1
0
1
1
1
1
1
1
1
1
0
1
1
0
0
1
1
0
1
1
1
1
0
1
0
1
1
1
1
1
1
0
1
0
1
1
1
1
1
1
1
1
1
1
1
0
1
0
0
1
0
1
0
1
1
1
0
1
1
1
1
1
1
0
0
1
0
1
1
0
1
1
1
1
1
1
1
0
1
1
1
0
1
0
1
1
1
1
1
2
1
0
1
1
1
1
1
1
1
1
1
1
1
2
1
1
0
1
1
1
1
1
1
1
1
1
1
3
0
0
1
1
1
1
1
0
1
1
1
1
1
0
1
1
0
1
1
1
1
1
1
1
0
1
1
0
1
1
1
1
1
1
3
0
1
1
1
1
1
1
1
1
1
0
1
1
1
2
1
1
1
0
0
1
0
1
1
1
1
1
1
1
1
1
1
1
1
1
1
1
1
1
1
0
1
1
1
1
1
1
0
1
1
1
1
1
0
1
1
0
1
1
1
1
1
1


D2 400
1
0
1
1
1
1
1
1
1
1
1
1
0
1
0
1
1
0
0
1
0
1
1
1
1
0
1
1
0
0
0
1
1
1
1
1
1
1
1
1
1
1
0
1
1
1
1
1
1
1
0
2
1
0
0
1
1
1
1
1
1
1
1
1
1
1
0
1
1
0
1
1
0
1
1
0
1
1
1
1
1
1
0
1
1
1
0
1
0
1
0
1
0
1
0
0
0
0
0
0
1
1
1
0
1
1
1
0
1
0
1
1
1
1
1
1
1
0
1
0
1
1
0
1
1
1
1
1
1
1
1
0
1
2
0
1
1
1
0
1
1
0
0
1
1
0
1
1
1
0
1
1
0
0
1
1
1
1
0
0
1
0
1
1
1
0
1
0
1
1
1
1
0
1
0
1
1
1
1
1
0
1
0
1
1
1
0
1
1
1
1
0
1
2
1
1
0
0
0
0
1
1
1
1
1
1
0
0
1
1
0
1
0
0
1
1
1
1
1
0
1
1
1
1
1
0
1
0
1
0
0
1
1
0
1
0
0
0
0
1
1
1
1
1
0
0
1
1
1
1
1
1
1
0
1
1
1
2
0
1
1
1
1
1
1
1
1
1
1
1
1
1
0
1
1
1
1
1
0
0
1
1
0
1
0
0
1
1
1
1
1
0
1
0
1
1
1
0
1
1
1
1
0
1
1
0
1
1
1
1
1
0
0
1
0
1
1
1
1
1
1
1
1
0
1
1
1
1
1
1
1
1
0
0
1
1
1
1
1
1
0
1
1
1
1
0
0
0
1
3
1
1
1
1
0
0
0
0
1
1
1
1
0
1
1
1
1
1
0
1
1
1
1
1
1
1
1
1
1
1
1
1
1
1
1
1
1
0
1
1
1
0
1
1
1
0
0
1
0
1
0
1
1
1
0
1
1
0
0
1
1
0
1
0
5
1
1
1
1
1
1
1
0
1
1
1
1
1
1
1
0
2
0
0
1
1
1
0
2
1
0
1
1
0
0
0
1
1
1
1
0
1
1
0
0
1
1
1
1
1
1
0
0
0
0
0
1
0
1
1
1
0
1
0
1
1
0
1
1
0
0
1
0
1
1
1
1
1
0
1
1
1
1
1
1
1
0
1
1
1
1
0
1
0
1
1
0
0
1
1
0
1
0
1
1
1
0
1
1
1
1
0
1
1
1
1
1
1
1
0
0
0
1
1
1
0
1
1
1
1
1
1
1
1
1
2
1
0
0
1
0
1
0
1
1
1
1
1
1
1
1
1
0
1
1
0
1
3
1
1
0
1
1
1
0
0
1
1
1
1
1
1
1
1
1
1
0
1
1
1
1
1
1
0
1
1
0
1
1
1


D3 400
415
423
441
424
415
427
422
416
426
422
421
436
430
416
414
429
441
421
415
417
415
427
415
415
428
421
426
425
422
419
417
428
425
421
416
440
423
420
415
413
425
418
427
440
416
429
426
426
418
428
424
421
416
426
430
430
422
414
428
420
414
432
432
429
441
420
414
419
433
415
422
414
428
421
415
427
423
420
413
414
429
424
419
414
413
426
417
427
421
428
427
438
419
429
430
414
425
434
415
427
422
418
430
430
429
428
427
429
427
428
426
426
419
415
429
414
429
423
422
415
429
445
423
420
416
417
429
426
421
418
415
431
423
420
418
416
445
427
418
428
438
444
423
414
427
420
415
429
420
415
414
426
421
425
421
421
415
446
427
439
417
429
422
418
428
425
417
425
420
429
420
415
446
422
418
419
427
419
425
426
424
419
414
442
419
429
428
425
416
417
415
427
423
416
428
421
427
437
425
421
416
414
441
430
426
421
416
426
425
420
431
427
421
417
428
423
413
421
416
430
440
433
415
425
423
435
425
426
420
429
441
424
418
429
420
417
430
424
421
417
427
428
425
420
417
446
427
423
417
430
431
423
417
414
428
414
429
429
417
431
414
427
420
417
430
424
423
417
417
430
416
422
429
423
428
423
417
414
441
416
417
415
425
432
428
422
428
425
419
426
420
416
428
422
418
429
427
438
418
423
416
415
444
418
416
429
428
416
430
429
427
428
422
417
426
423
417
425
426
420
424
434
414
428
423
417
444
423
430
422
433
430
428
423
433
414
424
425
440
416
444
418
414
426
420
432
426
426
426
423
418
429
427
422
415
427
421
414
423
441
420
428
427
420
424
415
417
427
422
415
428
422
414
414
429
427
417
424
434
421
427
423
415
432
427
422
416
428
422
419
428
439
432
424
436
418
430
428
414
417
424
417
431
427
419
415
423
416
414
427
438
421
429
420
428
427
423
417
428
426
422
432
430
423
418
428
414
423
414
418
425
415
427
423
417
430
427
423
415
425
444
417
429
428
425
420
414
415
412
429
428
427
426
418
430
428
426
426
421
430
424
422
428
443
425
420
414
414
415
423
415
430
429
442
420
430
430
430
419
415
443
425
420
429
426
420
415
430
415
414
420
428
441
419
429
426
420
425
423
417
414
430
424
420
413
429
431
420
430
424
417
412
424
429
424
417
443
417
414
415
422
418
425
419
415
428
420
415
419
413
442
415
429
424
417
442
432
425
420
414
425
419
429
421
414
426
417
423
427
428
419
430
429
420
434
427
423
415
429
422
430
428
422
414
425
428
420
426
419
428
427
422
415
440
446
425
418
413
423
419
415
430
438
419
413
427
421
429
423
420
415
429
437
413
427
424
423
435
430
421


D4 400
432
448
433
433
433
432
447
432
433
450
433
433
432
433
432
432
433
432
432
433
432
432
433
432
433
447
433
433
432
432
447
432
433
433
433
433
433
433
433
433
433
433
432
433
448
433
433
433
433
448
432
432
432
432
432
434
433
434
433
433
435
433
433
432
433
433
432
433
448
432
433
433
432
432
449
432
432
433
433
433
433
433
432
433
433
433
432
448
432
433
432
449
447
449
432
432
449
434
432
432
433
433
433
432
449
433
433
432
432
433
433
448
433
433
433
433
432
432
433
432
450
433
432
433
433
449
433
450
433
456
448
432
433
432
432
431
433
433
432
432
433
432
432
433
433
432
432
433
433
447
432
433
433
432
447
433
432
450
433
432
433
432
433
433
433
432
433
432
448
433
433
433
432
448
432
433
433
433
433
433
432
433
432
433
433
433
432
431
433
432
433
432
447
432
433
433
433
432
432
432
448
433
434
433
433
433
432
432
432
433
434
448
432
432
433
433
448
433
433
432
436
433
433
433
433
432
432
432
433
449
450
432
434
432
433
447
432
432
432
433
432
433
433
433
432
432
433
433
433
432
433
433
433
432
446
433
433
433
432
433
433
433
433
433
433
432
433
433
432
433
432
449
432
448
433
433
433
432
441
432
433
433
432
433
432
432
433
433
433
433
433
432
448
432
432
433
433
433
433
433
433
433
432
433
433
432
433
433
433
437
433
447
432
433
432
433
447
433
433
434
433
433
433
432
433
433
433
433
433
428
448
433
432
432
433
448
433
433
433
435
433
432
433
433
433
432
432
432
433
432
433
433
433
433
447
432
432
432
433
433
433
436
432
433
433
433
433
433
432
433
433
433
433
431
433
432
433
433
433
433
433
433
432
433
433
433
433
433
444
433
433
433
447
432
433
432
432
433
432
433
432
433
433
433
433
433
433
432
433
433
435
447
433
432
432
433
432
433
434
432
433
432
432
433
433
433
433
432
433
433
447
432
432
432
433
433
434
432
433
433
432
433
432
432
433
432
433
433
432
448
432
433
433
433
432
433
433
432
433
432
432
432
432
449
432
431
433
432
448
433
432
432
433
432
433
433
432
433
433
432
432
433
445
433
433
432
433
447
432
433
433
433
433
433
433
433
432
433
433
433
433
447
433
432
434
433
447
432
433
433
433
433
432
433
433
432
433
435
433
433
433
432
433
433
433
448
433
433
433
432
432
432
433
433
433
432
432
448
450
433
433
433
450
433
448
433
433
433
449
431
432
433
432
433
433
433
432
433
433
449
433
433
432
448
433
432
432
429
448
433
432
433
433
433
433
432
433
433
450
433
433
433
449
433
433
432
432
448
433
433
433
433
433
432
433
433
432
433
433
435


D1 1000
1
1
0
1
0
1
1
1
1
1
1
1
2
1
1
1
0
1
1
1
1
1
1
1
1
1
0
1
2
0
0
1
1
1
1
1
1
2
1
1
1
1
1
1
1
1
0
0
1
1
0
1
1
1
1
1
1
0
3
0
1
2
1
0
2
1
1
1
2
1
1
2
1
1
1
3
2
1
1
1
1
1
7
5
0
1
1
1
0
1
1
2
1
1
1
1
1
1
1
1
1
0
1
1
0
1
0
1
1
1
1
1
1
2
1
1
1
1
0
7
1
1
0
1
2
1
1
1
1
1
1
0
1
1
1
1
1
1
1
0
1
1
1
1
0
4
1
1
1
1
1
1
1
1
1
1
1
1
0
1
0
1
1
1
1
1
1
0
0
0
1
1
0
1
5
1
0
1
1
1
0
1
1
1
0
1
1
1
1
2
1
1
1
1
1
1
1
1
1
1
0
0
1
1
0
1
1
1
1
0
1
1
1
1
1
1
1
2
1
1
1
2
0
1
2
1
1
1
1
1
1
1
1
2
1
1
0
1
1
1
1
0
0
2
0
0
1
2
1
1
1
1
1
0
1
1
1
1
1
1
1
0
1
1
1
1
1
1
1
1
0
0
1
1
0
6
1
1
1
1
1
1
1
2
2
1
1
1
1
0
1
1
1
1
0
1
1
1
1
1
1
2
0
2
2
1
0
1
1
1
1
1
1
1
1
1
0
1
2
1
1
2
1
1
1
2
1
1
1
0
1
1
1
1
0
1
1
1
1
1
1
1
1
1
0
1
0
1
1
1
0
1
0
2
0
0
1
1
1
1
1
1
6
1
1
0
1
1
2
1
4
0
1
1
5
1
1
1
1
0
2
3
0
1
0
1
1
1
1
1
1
4
1
1
1
1
1
1
1
1
1
1
1
1
1
1
1
1
1
1
1
1
1
1
0
1
1
1
1
1
1
1
1
2
1
1
1
1
1
1
0
1
1
0
1
1
2
0
1
1
1
1
0
1
2
0
1
0
1
1
0
1
1
0
1
1
1
1
1
1
3
1
1
1
1
1
1
0
1
1
1
1
1
1
2
1
2
1
1
1
1
1
1
1
1
1
0
1
2
1
1
1
1
1
0
1
1
1
1
1
1
1
5
1
1
1
1
1
1
1
1
1
1
0
0
0
1
1
2
0
5
1
1
1
3
1
1
1
1
1
1
1
0
2
1
1
1
2
0
0
1
1
1
1
1
1
1
0
1
1
1
1
1
0
1
1
1
2
1
0
1
1
1
1
0
0
1
1
1
1
0
1
1
1
1
1
1
1
1
1
1
1
1
1
2
1
1
1
1
4
1
1
1
6
1
1
1
1
2
1


D2 1000
1
1
1
1
2
1
1
0
0
0
1
0
1
1
0
1
0
0
1
1
1
1
1
1
1
1
1
0
1
1
1
0
1
1
0
1
1
1
0
1
2
0
1
1
1
0
1
1
1
0
1
0
0
2
1
1
2
1
1
0
0
1
1
0
1
1
1
0
0
1
0
2
1
1
2
0
1
2
1
1
0
0
1
0
1
0
1
0
0
2
1
1
2
0
0
0
2
1
2
1
1
2
1
1
1
1
0
1
1
1
0
1
1
0
1
1
0
0
1
2
0
0
0
1
0
0
1
0
1
0
0
1
1
0
1
0
1
1
0
0
1
1
1
0
1
0
0
0
0
1
1
0
1
1
1
0
1
0
0
1
3
1
0
0
1
0
1
2
1
1
2
1
1
0
1
0
1
1
1
0
0
0
1
0
1
1
0
0
0
1
1
1
1
2
1
1
3
1
0
0
1
0
0
1
0
1
1
1
1
1
1
1
1
0
1
1
1
1
2
1
1
1
0
2
0
0
1
0
1
1
1
1
1
0
1
1
1
0
1
1
1
2
0
1
1
1
0
0
2
2
0
0
1
1
1
0
2
0
1
1
1
1
1
1
1
0
1
0
1
4
1
1
1
2
0
0
1
1
2
2
1
1
2
0
0
0
0
1
1
0
1
1
1
0
0
1
2
0
1
0
1
1
1
0
1
1
2
0
1
0
1
0
1
0
1
1
0
1
1
1
0
1
0
0
1
0
1
1
1
1
1
1
1
1
2
1
1
1
1
2
1
1
1
0
1
0
1
1
1
1
1
1
0
0
0
1
1
0
2
1
1
0
2
1
0
1
1
0
0
1
1
1
0
0
0
2
2
1
1
2
2
1
2
1
1
1
0
1
2
1
1
0
0
1
0
1
1
1
1
0
1
1
1
1
1
0
0
0
1
1
0
1
1
1
1
0
1
1
2
1
1
1
1
1
2
0
0
0
0
0
2
0
1
0
0
1
1
0
2
1
3
1
1
2
1
1
0
1
1
0
0
1
1
0
1
1
0
1
1
1
0
1
1
0
0
0
1
1
1
0
1
0
0
1
1
1
2
0
0
0
1
1
1
0
2
1
1
1
1
1
1
1
1
1
0
0
1
0
1
0
1
1
0
1
1
0
0
2
1
2
2
1
1
1
1
2
1
0
0
0
2
0
1
0
1
0
1
1
1
1
0
0
1
0
0
1
1
1
1
1
0
1
1
0
1
0
0
0
0
1
1
1
0
1
0
1
0
0
1
1
0
1
1
0
2
0
1
1
1
1
0
1
1
0
0
0
0
1
0
1
1
1
0
0
1
0
0
2
1
1
1
0
1
1
0
1
1
0
1
1


D3 1000
1016
1024
1026
1026
1015
1027
1022
1016
1029
1040
1021
1021
1015
1017
1030
1029
1025
1023
1030
1016
1015
1028
1017
1031
1028
1021
1027
1026
1038
1018
1017
1014
1026
1037
1017
1025
1025
1022
1016
1029
1027
1020
1044
1023
1017
1014
1026
1042
1018
1029
1025
1020
1033
1025
1015
1014
1023
1030
1027
1020
1016
1033
1015
1028
1025
1020
1045
1020
1032
1016
1023
1015
1025
1021
1017
1029
1039
1018
1012
1017
1016
1024
1034
1033
1013
1040
1014
1026
1021
1028
1043
1024
1019
1030
1030
1030
1024
1020
1015
1030
1038
1018
1014
1014
1042
1027
1026
1030
1029
1043
1026
1026
1020
1017
1027
1029
1014
1023
1022
1047
1028
1030
1023
1021
1030
1018
1015
1026
1021
1017
1031
1014
1024
1034
1017
1016
1030
1026
1035
1028
1024
1028
1025
1031
1025
1020
1018
1044
1019
1015
1015
1028
1036
1023
1020
1023
1015
1045
1026
1023
1032
1030
1023
1017
1030
1025
1034
1023
1017
1029
1022
1031
1013
1022
1020
1019
1044
1019
1027
1027
1026
1036
1028
1025
1019
1028
1027
1025
1016
1018
1016
1024
1021
1018
1029
1036
1028
1021
1029
1022
1016
1014
1027
1014
1025
1019
1016
1025
1026
1052
1014
1026
1021
1018
1045
1023
1028
1022
1018
1045
1023
1018
1016
1042
1021
1017
1025
1027
1036
1027
1027
1025
1019
1045
1020
1015
1014
1025
1037
1016
1029
1028
1027
1037
1016
1015
1028
1023
1016
1029
1016
1025
1033
1029
1027
1015
1030
1030
1016
1016
1016
1027
1034
1016
1014
1024
1022
1016
1016
1020
1015
1038
1028
1024
1029
1023
1033
1029
1025
1016
1020
1030
1024
1017
1028
1023
1026
1024
1020
1024
1019
1017
1028
1022
1020
1029
1027
1024
1035
1023
1032
1015
1026
1020
1016
1028
1024
1016
1013
1013
1027
1027
1022
1017
1041
1022
1015
1026
1027
1022
1024
1017
1015
1030
1038
1016
1029
1025
1014
1015
1034
1014
1029
1039
1018
1015
1025
1027
1039
1017
1029
1018
1015
1041
1019
1017
1026
1043
1026
1025
1018
1030
1042
1021
1030
1027
1022
1031
1022
1026
1022
1016
1042
1020
1026
1015
1034
1026
1038
1016
1028
1038
1014
1014
1031
1027
1034
1025
1019
1019
1028
1038
1016
1016
1026
1037
1017
1047
1039
1021
1044
1021
1015
1025
1021
1033
1029
1030
1030
1019
1040
1015
1017
1026
1036
1015
1024
1016
1019
1041
1023
1019
1014
1019
1043
1027
1023
1017
1014
1043
1021
1018
1031
1024
1019
1025
1019
1023
1016
1018
1023
1015
1028
1038
1016
1031
1027
1023
1032
1026
1029
1019
1028
1027
1027
1023
1017
1031
1030
1029
1028
1028
1040
1018
1015
1029
1027
1040
1020
1014
1025
1040
1026
1028
1026
1022
1031
1029
1016
1025
1016
1029
1029
1027
1020
1015
1029
1030
1020
1016
1042
1024
1019
1015
1026
1036
1014
1028
1016
1015
1018
1035
1026
1021
1015
1025
1018
1042
1025
1034
1015
1029
1025
1020
1031
1030
1029
1019
1030
1040
1015
1029
1025
1030
1038
1017
1026
1021
1015
1013
1023
1018
1026
1036
1031
1027
1020
1017
1036
1028
1026
1017
1029
1038
1017
1025
1016
1027
1019
1014
1026
1020
1028
1021
1029
1027
1019
1027
1026
1027
1020
1015
1043
1019
1019
1029
1022
1032
1028
1022
1016
1044
1020
1016
1025
1030
1036
1028
1019
1030
1028
1038
1030
1025
1015
1025
1017
1029
1025
1019
1032
1013
1024
1020
1030
1025
1020
1028
1024
1019
1031
1026
1021
1031
1028
1041
1021
1022
1030
1039


D4 1000
1033
1033
1034
1048
1034
1034
1033
1033
1048
1033
1033
1033
1033
1048
1033
1034
1033
1048
1033
1033
1033
1034
1032
1033
1033
1033
1033
1048
1034
1033
1033
1033
1032
1032
1033
1034
1034
1032
1033
1034
1034
1049
1033
1033
1034
1033
1031
1034
1033
1034
1033
1032
1033
1034
1032
1033
1033
1034
1033
1032
1048
1034
1033
1050
1032
1048
1034
1033
1033
1033
1048
1034
1033
1032
1034
1048
1033
1034
1036
1033
1048
1033
1033
1033
1049
1033
1033
1033
1033
1032
1033
1033
1035
1033
1048
1034
1034
1034
1033
1048
1034
1034
1034
1032
1033
1033
1033
1033
1049
1033
1033
1033
1050
1048
1034
1034
1033
1033
1048
1035
1033
1033
1034
1032
1034
1033
1033
1048
1033
1034
1033
1033
1048
1033
1033
1033
1034
1048
1033
1033
1033
1033
1048
1033
1034
1033
1049
1033
1033
1033
1049
1048
1033
1033
1033
1033
1048
1033
1034
1034
1036
1048
1033
1033
1034
1049
1033
1034
1033
1033
1048
1033
1033
1033
1033
1048
1034
1034
1034
1033
1030
1033
1035
1033
1032
1033
1033
1033
1033
1048
1033
1033
1033
1034
1048
1033
1033
1033
1034
1050
1034
1033
1033
1032
1034
1034
1033
1050
1048
1033
1035
1033
1033
1048
1033
1033
1033
1034
1033
1034
1033
1033
1032
1033
1034
1034
1034
1048
1034
1034
1033
1033
1048
1033
1033
1033
1033
1049
1034
1033
1050
1034
1048
1033
1033
1033
1032
1032
1034
1035
1032
1049
1033
1033
1033
1035
1050
1034
1033
1035
1033
1048
1034
1033
1034
1033
1033
1034
1034
1028
1048
1033
1033
1034
1050
1031
1033
1033
1035
1046
1031
1034
1033
1033
1033
1031
1034
1032
1034
1033
1034
1034
1034
1033
1049
1034
1033
1033
1033
1034
1033
1033
1033
1033
1048
1033
1035
1033
1048
1051
1033
1033
1033
1048
1033
1034
1035
1033
1032
1033
1033
1033
1032
1048
1033
1033
1033
1032
1033
1034
1033
1034
1048
1033
1034
1033
1033
1049
1034
1034
1033
1033
1048
1033
1033
1033
1031
1032
1033
1033
1034
1048
1034
1033
1033
1033
1048
1033
1035
1033
1033
1048
1034
1034
1048
1032
1050
1033
1036
1033
1048
1034
1033
1033
1033
1049
1034
1049
1047
1037
1049
1034
1034
1034
1049
1033
1033
1033
1038
1032
1033
1033
1033
1033
1048
1034
1033
1033
1032
1031
1033
1034
1034
1048
1033
1033
1033
1049
1027
1034
1033
1033
1032
1049
1034
1034
1033
1032
1050
1033
1034
1033
1032
1032
1034
1034
1033
1049
1033
1033
1034
1033
1048
1033
1034
1033
1033
1048
1051
1033
1032
1049
1033
1034
1033
1033
1049
1034
1033
1033
1033
1047
1035
1033
1034
1034
1049
1034
1033
1050
1048
1033
1033
1031
1033
1048
1033
1033
1033
1032
1047
1033
1033
1033
1033
1048
1034
1031
1033
1048
1033
1034
1033
1033
1033
1032
1034
1034
1033
1031
1034
1030
1033
1033
1046
1033
1033
1049
1047
1033
1034
1033
1034
1048
1033
1033
1033
1031
1048
1034
1034
1033
1033
1048
1033
1051
1034
1050
1033
1032
1034
1034
1048
1033
1033
1032
1035
1032
1033
1033
1034
1034
1048
1034
1048
1033
1033
1032
1033
1032
1033
1048
1033
1033
1034
1033
1048
1033
1050
1033
1033
1049
1033
1033
1033
1033
1049
1033
1033
1033
1049
1034
1033
1050
1051
1048
1033
1033
1033
1034
1032
1033
1033
1034
1033
1049
1033
1034
1033
1048
1033
1033
1033
1033
1048
1033
1030
1033
1034
1049
1035
1033
1034
1034
1048
1034
1050
1034
1048
1033