D3 150
153
153
156
165
153
150
178
172
154
151
155
161
160
144
161
144
158
170
163
159
171
156
156
146
172
164
159
141
170
171
149
161
155
146
151
154
162
162
151
174
160
171
163
160
156
144
154
152
159
158
164
146
159
158
162
160
146
145
147
162
161
161
150
159
145
153
155
167
172
143
155
162
145
149
163
156
151
155
154
145
159
152
166
163
154
170
154
176
151
155
155
172
154
143
171
161
172
155
151
151
172
157
175
146
150
172
171
160
176
147
147
147
163
149
149
148
158
152
148
152
147
144
152
158
159
148
154
158
169
163
158
163
157
146
145
161
152
161
153
154
158
166
156
158
155
147
156
158
144
154
159
156
162
155
161
154
171
159
155
158
162
167
159
145
167
170
146
150
159
159
146
163
159
161
144
146
163
172
144
149
171
143
155
159
159
164
147
158
153
160
156
152
160
162
155
145
150
167
178
167
154
147
145
149
172
171
146
153
159
171
146
165
152
152
158
154
168
151
150
156
143
149
159
143
151
157
154
157
159
147
155
164
142
149
175
164
168
155
156
166
145
155
168
156
146
151
171
163
142
148
148
158
154
173
146
175
148
144
147
150
174
164
147
169
173
143
148
175
147
146
157
145
172
146
156
146
177
142
161
172
159
170
154
143
150
164
163
145
146
161
145
169
161
166
156
176
144
147
170
150
171
160
145
146
169
159
151
172
160
172
147
169
161
165
150
164
148
171
161
153
172
174
161
156
145
177
152
175
148
163
157
146
173
158
149
149
173
146
158
149
173
148
161
143
172
169
169
151
148
174
146
155
166
159
148
163
156
161
173
151
153
175
145
149
148
151
145
154
156
151
155
155
144
155
154
159
152
175
157
151
155
155
143
166
156
148
147
174
149
152
146
146
154
158
161
146
161
156
147
163
176
159
169
171
155
147
152
148
155
143
165
171
160
160
153
157
148
158
162
162
149
173
168
168
155
164
169
146
171
185
158
148
172
145
153
161
150
144
146
147
144
152
151
157
148
156
143
158
145
187
145
161
159
149
152
154
170
145
148
158
174
146
146
173
159
155
152
159
144
149
159
173
144
160
153
150
155
148
173
154
159
152
155
163
154
142
166
145
173
152
153
145
156
157
161
149
168
153
169
164
158
147
145
167
161
169
157
157
161
148
146
147
160
146
149
154
159
158
147
151
175
148
158
150
151
159
146
177
145
155
159
169
154
161
151
159
148
155
177
176
152
148
155
151
147
167
170
175
175
152
176
170
162
147
163
157
170
149
155
183
175
147
156
146
161
148
167
173
145
166
165
158
145
149
157
154
156
146
161
143
173
154
143
146
152
155
169
148
157
148
151
151
145
154
164
145
146
154
159
168