D4 150
150
149
148
149
147
165
163
148
150
165
149
164
164
165
147
165
164
165
150
149
166
150
149
165
147
166
149
150
148
163
148
150
165
148
164
148
149
165
165
148
148
165
149
182
164
165
163
149
150
163
150
164
164
149
149
165
148
167
149
164
150
166
151
165
164
165
151
149
165
151
149
166
164
166
166
166
180
149
165
164
166
164
150
150
147
166
180
166
165
165
151
167
149
165
180
149
166
164
149
148
166
165
150
166
149
167
181
165
150
150
150
148
149
167
165
165
149
165
165
163
150
151
165
179
180
150
165
148
166
148
149
150
167
150
149
166
150
167
149
164
149
166
149
150
181
163
181
166
150
166
164
165
164
150
164
150
165
149
167
164
166
166
148
166
149
165
151
167
165
149
149
150
181
149
163
166
166
149
151
166
149
165
165
149
147
165
146
148
148
164
150
166
165
149
162
149
149
150
165
164
150
150
167
165
149
166
166
148
160
150
150
165
167
149
165
163
148
165
149
163
151
166
167
150
182
167
166
149
150
165
165
166
150
167
166
167
166
149
148
149
148
180
150
148
163
151
182
166
151
147
149
164
166
149
164
150
182
165
165
146
150
149
165
150
150
148
182
150
167
167
163
149
166
150
150
165
163
167
150
150
165
167
150
167
149
166
161
165
149
149
149
150
165
148
163
149
148
166
165
163
150
165
166
164
150
151
166
150
149
166
149
166
166
149
165
177
164
150
150
180
166
148
151
166
149
163
148
167
149
149
164
166
149
167
147
148
150
148
181
148
151
150
165
166
164
167
149
149
182
149
165
149
150
151
153
150
147
165
149
165
149
167
166
149
161
165
149
150
150
148
149
181
164
151
164
149
148
165
167
149
166
165
165
148
182
163
166
150
163
148
167
181
165
165
165
149
150
149
149
149
166
167
165
163
165
149
166
149
182
148
151
181
148
165
164
166
179
166
149
179
164
151
148
149
163
166
163
165
166
150
151
166
150
165
148
165
181
150
151
167
150
166
148
150
166
149
149
167
164
148
151
165
148
165
164
166
149
150
148
165
149
150
149
166
165
166
165
165
167
148
165
149
149
148
165
150
166
149
166
165
166
148
166
166
180
167
166
166
164
180
149
165
150
166
147
166
181
148
149
164
150
166
165
149
148
167
165
165
149
149
167
178
150
181
182
166
150
148
151
149
148
150
149
166
147
165
180
166
149
180
151
149
149
150
146
148
165
150
149
165
165
166
149
148
147
166
165
150
149
181
150
165
149
150
165
166
149
163
164
160
149
149
149
165
165
165
150
150
167
149
165
165
164
148
149
165
150
164
149
166
150
165
164
151
166
149
165
166
149
149
148
164
148
165
150
166
151
149
162
165