D1 150
10
10
7
13
9
8
10
6
8
8
10
9
9
4
8
6
7
9
6
9
11
9
8
6
8
11
8
6
11
9
8
8
10
8
8
10
9
10
13
7
7
11
19
8
8
7
8
9
7
9
9
7
6
9
8
8
7
6
7
8
10
9
6
10
8
11
10
8
9
7
11
9
8
8
7
9
7
10
9
7
6
13
9
5
8
9
9
8
10
11
8
14
7
7
9
9
11
8
9
10
8
7
9
10
11
9
10
10
10
10
9
8
9
10
6
9
8
9
8
8
8
4
7
5
12
6
8
8
8
9
8
5
6
6
6
8
8
7
10
9
6
9
10
7
10
7
9
6
7
10
9
12
6
8
6
9
11
9
10
12
5
8
5
7
9
6
9
9
9
8
5
5
4
6
4
7
6
7
8
7
10
6
8
10
11
8
8
9
9
11
8
10
10
8
11
7
7
9
12
7
6
4
5
7
8
8
8
9
11
10
8
8
8
7
7
7
7
8
9
9
8
7
8
5
8
7
7
9
8
7
9
6
5
8
8
6
9
7
8
7
8
8
7
9
7
11
7
10
5
5
6
7
8
5
8
9
6
7
8
9
7
6
7
8
7
6
8
9
7
8
7
6
9
6
9
9
11
6
7
9
7
11
9
7
9
8
12
6
6
6
7
10
7
9
8
8
8
8
10
9
9
10
7
7
10
6
8
9
7
11
8
11
8
8
8
7
7
6
8
9
8
9
8
7
6
27
7
9
6
6
6
9
8
7
9
6
8
7
10
9
6
9
9
7
8
8
8
10
5
7
9
8
8
7
8
8
7
7
8
9
6
9
9
9
10
9
5
8
5
7
7
9
7
9
7
8
8
6
5
9
10
9
6
9
7
10
7
7
10
10
8
7
8
9
6
4
7
9
8
7
8
7
9
24
10
7
9
8
9
6
8
8
10
6
10
10
7
8
9
8
8
8
9
9
6
7
11
5
8
11
7
9
9
9
9
7
10
7
7
6
6
10
8
7
7
5
5
5
5
9
9
5
6
7
10
7
7
8
10
10
6
9
8
7
9
8
7
8
5
8
9
10
8
7
9
8
8
9
8
8
6
11
7
7
7
6
7
9
8
7
9
4
8
9
9
9
10
10
7
6
6
7
6
9
9
10
7
7
8
9
8
8
8
7
9
9
6
8
8
11
15
7
5
8
9
9
8
9
7
7
8
9
9
7
12
9
8
7
8
8
9
7
8
9
7
10
10
9
11
6
8
8
6
6
5
11
9
7
11
14
5
8
7
8
5
6
7
6
8
7
6
12
6
7
9
7
7
11
7
6
10
7
6
7
8
9
8
7
8
10
10
8
7
10
8
8
8
8
9
8