D3 400
389
399
402
393
403
403
399
409
395
403
402
388
408
386
395
390
402
409
400
397
389
398
406
403
395
387
394
413
390
399
391
396
406
405
391
397
387
402
401
403
396
395
404
391
401
399
387
414
393
394
395
400
399
392
390
399
394
411
395
401
394
391
407
396
394
391
404
403
399
395
396
402
402
401
390
394
395
412
401
391
387
404
412
391
394
389
396
408
389
400
398
403
407
391
394
400
388
408
394
398
389
392
416
393
397
390
403
407
398
399
397
396
413
403
401
397
387
408
389
403
402
402
401
399
389
399
389
404
388
401
398
390
415
395
391
397
403
400
397
403
398
392
414
395
388
388
391
403
404
396
394
390
411
396
393
393
395
405
400
400
393
393
408
402
390
403
389
407
394
401
400
387
411
397
401
389
394
413
397
403
397
396
411
399
394
404
393
397
400
403
404
400
401
390
393
394
387
407
402
399
391
397
402
397
403
388
395
402
394
392
388
399
414
391
402
398
388
413
397
394
397
399
412
388
402
398
397
412
397
399
399
394
412
400
389
395
401
413
389
403
390
395
409
392
391
395
399
408
393
396
390
394
403
397
400
391
403
409
402
391
395
393
400
393
392
388
400
411
390
389
393
398
403
387
392
400
389
412
395
398
391
387
402
396
397
390
389
411
391
396
400
399
414
395
392
394
403
409
386
401
392
394
404
389
400
387
387
410
400
395
397
390
415
390
398
397
394
415
396
394
403
399
409
401
398
397
396
411
398
397
388
392
410
394
402
387
404
405
401
401
395
391
406
393
395
388
392
403
402
397
388
393
414
395
394
397
402
403
397
405
387
394
405
400
395
395
401
402
401
403
391
399
413
396
396
396
392
417
400
401
398
393
406
389
399
390
394
403
401
394
398
402
402
400
388
394
399
405
401
391
392
399
412
396
404
389
391
408
394
397
394
397
399
399
389
400
387
407
388
392
392
390
412
401
402
393
387
402
392
400
404
404
408
392
389
400
402
407
395
394
400
402
406
398
397
389
404
414
394
401
395
404
412
390
391
402
387
414
399
387
398
387
397
392
403
390
402
400
402
402
394
390
414
402
398
395
405
404
392
393
392
395
411
397
395
397
396
410
386
401
402
397
403
399
395
389
401
402
398
388
400
394
411
389
391
398
401
410
397
394
402
402
414
391
391
402
388
401
395
388
400
387
407
392
403
390
396
411
395
395
393
398
408
404
396
394
394
410
395
396
397
393
415
403
398
393
391
412
395
393
400
391
415
392
394
394
395
404
399
398
388
392
403
387
392
400
395
409
388
393
393
399
422
398
402
395
392
410
401
399
392
386
407
400
388
392
387
404
387
396
393
395
407
389
389
394
402
404
391
392