D3 1000
1021
1021
1017
1033
1023
1009
1012
1020
1032
1030
1028
1005
1046
1024
1007
1007
1033
1016
1017
1018
1006
1027
1007
1005
1018
1019
1014
1018
1026
1004
1019
1034
1011
1014
1030
1020
1034
1020
1026
1011
1007
1027
1034
1017
1007
1014
1020
1020
1019
1017
1024
1033
1030
1034
1036
1033
1016
1014
1026
1014
1031
1018
1033
1017
1021
1018
1030
1033
1028
1033
1034
1023
1016
1026
1034
1022
1036
1014
1034
1034
1043
1022
1027
1023
1038
1022
1033
1006
1032
1027
1035
1035
1019
1033
1026
1022
1035
1015
1035
1023
1021
1036
1023
1016
1034
1034
1028
1031
1024
1021
1013
1022
1032
1003
1037
1034
1016
1033
1029
1018
1025
1014
1048
1007
1035
1016
1030
1020
1030
1032
1004
1025
1033
1034
1028
1025
1032
1034
1035
1025
1019
1032
1019
1011
1027
1026
1031
1003
1015
1020
1031
1012
1034
1036
1017
1035
1018
1020
1029
1023
1026
1034
1033
1017
1011
1033
1012
1031
1032
1017
1021
1025
1017
1032
1026
1035
1021
1035
1008
1022
1029
1032
1036
1034
1015
1008
1024
1057
1021
1022
1018
1017
1035
1004
1019
1035
1017
1013
1035
1018
1033
1003
1034
1016
1004
1025
1004
1032
1011
1008
1022
1033
1033
1019
1021
1007
1015
1029
1033
1009
1033
1004
1033
1026
1025
1006
1035
1028
1018
1036
1017
1023
1014
1025
1031
1025
1007
1034
1018
1027
1019
1033
1003
1018
1029
1026
1014
1036
1028
1035
1023
1034
1034
1035
1033
1033
1026
1022
1013
1033
1027
1031
1019
1033
1022
1013
1018
1013
1009
1032
1009
1033
1026
1015
1003
1026
1034
1010
1032
1016
1016
1033
1033
1024
1040
1025
1033
1034
1024
1030
1032
1028
1008
1028
1011
1031
1022
1017
1011
1038
1024
1020
1018
1034
1020
1025
1023
1009
1034
1025
1032
1015
1016
1018
1007
1034
1032
1030
1035
1034
1012
1034
1011
1010
1033
1033
1008
1011
1019
1014
1026
1033
1018
1023
1034
1011
1017
1032
1033
1018
1022
1022
1034
1032
1030
1032
1036
1027
1033
1037
1016
1005
1049
1030
1029
1025
1027
1020
1028
1024
1053
1013
1022
1035
1015
1029
1006
1019
1024
1016
1035
1018
1033
1016
1019
1033
1015
1023
1019
1033
1011
1015
1003
1032
1034
1018
1007
1036
1020
1034
1003
1034
1033
1034
1003
1036
1003
1035
1030
1027
1022
1023
1034
1024
1036
1016
1035
1019
1018
1032
1016
1034
1009
1036
1005
1004
1022
1011
1026
1028
1040
1038
1031
1034
1010
1012
1023
1027
1033
1010
1035
1020
1019
1022
1018
1014
1019
1008
1034
1028
1034
1035
1008
1032
1018
1033
1013
1031
1002
1018
1034
1029
1034
1005
1005
1025
1037
1029
1017
1029
1004
1021
1021
1017
1021
1033
1053
1011
1033
1026
1026
1004
1031
1023
1036
1028
1020
1006
1042
1008
1021
1016
1018
1025
1034
1032
1009
1033
1020
1016
1033
1033
1035
1033
1034
1034
1012
1030
1033
1010
1027
1034
1025
1025
1019
1031
1034
1019
1002
1026
1022
1020
1020
1027
1027
1028
1029
1039
1033
1031
1019
1019
1005
1032
1017
1024
1016
1002
1018
1019
1003
1033
1034
1027
1016
1034
1032
1019
1011
1023
1033
1023
1010
1022
1035
1004
1004
1023
1027
1013
1007
1008
1034
1005
1006
1026
1018
1023
1029
1027
1032
1034
1038
1029
1026
1010
1020
1041
1013
1025
1010
1024
1027
1033
1027
1025
1018
1017
1023
1028
1031
1017
1033
1022
1033
1008
1022
1036
1020
1006
1033
1028
1013
1005
1008
1020
1022
1029
1037
1012