D4 1000
1030
1030
1030
1030
1031
1028
1030
1060
1034
1031
1029
1044
1047
1030
1030
1029
1048
1030
1031
1031
1047
1030
1032
1030
1030
1046
1029
1028
1028
1043
1029
1029
1029
1041
1047
1029
1030
1043
1031
1028
1030
1065
1027
1032
1029
1027
1039
1029
1029
1029
1044
1061
1031
1029
1028
1030
1029
1029
1029
1044
1047
1028
1027
1025
1043
1026
1046
1028
1028
1032
1032
1031
1045
1031
1028
1033
1028
1044
1030
1048
1046
1028
1028
1027
1028
1045
1029
1045
1030
1048
1032
1030
1031
1031
1044
1048
1030
1048
1046
1047
1029
1028
1045
1027
1030
1032
1031
1044
1030
1036
1028
1044
1029
1028
1028
1029
1030
1029
1026
1096
1048
1031
1033
1029
1045
1033
1064
1031
1046
1031
1047
1045
1029
1034
1031
1047
1029
1028
1031
1028
1026
1044
1045
1028
1027
1045
1029
1031
1043
1041
1031
1029
1030
1045
1029
1030
1042
1042
1030
1027
1028
1027
1027
1042
1027
1044
1042
1033
1032
1030
1030
1031
1028
1030
1031
1047
1028
1032
1027
1028
1030
1028
1029
1027
1027
1028
1027
1034
1044
1026
1027
1029
1028
1028
1027
1030
1027
1030
1045
1029
1029
1045
1028
1044
1028
1042
1028
1028
1028
1029
1029
1030
1030
1031
1044
1030
1076
1046
1044
1027
1029
1029
1045
1031
1032
1030
1032
1027
1028
1030
1045
1028
1030
1030
1064
1028
1030
1031
1033
1048
1034
1036
1046
1029
1031
1047
1030
1028
1046
1029
1048
1029
1043
1031
1029
1051
1044
1033
1030
1031
1046
1031
1045
1029
1042
1047
1027
1027
1042
1046
1041
1028
1047
1040
1029
1047
1027
1042
1027
1028
1027
1045
1026
1029
1026
1044
1042
1029
1031
1027
1044
1026
1027
1026
1064
1027
1029
1029
1044
1029
1033
1044
1029
1044
1029
1043
1028
1042
1029
1028
1029
1041
1046
1028
1029
1028
1029
1029
1028
1045
1044
1029
1026
1064
1043
1031
1030
1029
1042
1027
1043
1029
1030
1030
1029
1030
1027
1028
1043
1046
1046
1045
1046
1030
1046
1044
1028
1029
1030
1041
1030
1030
1049
1030
1048
1048
1030
1046
1044
1031
1046
1027
1045
1030
1046
1030
1045
1030
1032
1031
1026
1029
1029
1042
1044
1040
1028
1031
1044
1029
1047
1048
1046
1031
1029
1026
1041
1026
1046
1032
1032
1074
1029
1045
1028
1026
1045
1027
1029
1028
1027
1031
1029
1030
1043
1030
1028
1026
1027
1028
1029
1030
1043
1025
1029
1029
1029
1042
1031
1029
1048
1025
1027
1031
1029
1041
1030
1029
1030
1041
1046
1027
1028
1045
1029
1029
1029
1046
1031
1047
1029
1029
1044
1029
1028
1029
1043
1028
1027
1049
1044
1030
1029
1030
1029
1028
1029
1029
1044
1028
1027
1045
1030
1042
1029
1032
1032
1046
1030
1046
1029
1029
1046
1029
1030
1029
1033
1032
1064
1027
1047
1046
1029
1029
1042
1034
1033
1033
1030
1043
1045
1033
1030
1046
1033
1030
1025
1045
1028
1029
1041
1043
1027
1024
1029
1027
1029
1043
1030
1044
1046
1028
1045
1025
1043
1027
1029
1026
1045
1028
1026
1045
1028
1028
1045
1043
1026
1043
1030
1029
1029
1030
1030
1027
1028
1044
1045
1045
1029
1043
1027
1029
1027
1047
1042
1032
1046
1028
1027
1028
1029
1027
1043
1044
1046
1030
1043
1046
1027
1030
1029
1028
1027
1028
1029
1043
1028
1028
1027
1028
1029
1029
1029
1047
1031
1065
1031
1043
1030
1030
1032
1029
1031
1049
1031
1047
1044
1031
1030
1028
1061
1031
1030
1028
1045
1031
1033
1028
1029
1027