D3 400
387
402
427
394
413
390
400
402
400
401
401
392
394
409
410
408
391
440
401
416
434
401
399
395
424
417
402
407
419
401
418
434
416
418
409
414
404
404
399
389
400
409
401
419
392
411
415
393
417
403
417
411
415
414
406
402
399
417
405
405
418
402
418
401
406
402
418
391
416
413
401
401
419
390
416
390
407
414
390
390
401
404
424
402
416
393
390
406
425
405
418
416
401
418
388
416
397
419
428
420
398
416
404
409
400
388
405
417
394
417
391
399
435
411
411
412
392
418
406
406
397
425
390
416
424
417
390
401
393
401
416
391
418
408
419
399
403
420
432
432
402
403
404
389
388
403
425
399
390
414
388
395
435
394
417
406
402
401
405
401
402
390
420
408
389
422
411
408
417
395
413
408
406
405
407
390
403
417
416
393
407
397
433
387
391
404
401
418
418
416
416
390
400
409
416
388
411
402
416
390
408
412
402
408
391
420
433
391
433
418
410
396
401
406
407
418
398
403
401
419
404
393
403
433
398
401
391
406
406
409
418
407
391
418
403
401
418
397
402
413
392
416
404
417
420
417
393
411
402
412
391
418
411
401
394
401
419
409
408
410
389
412
418
404
401
409
401
389
415
418
401
418
389
392
390
407
399
421
432
401
426
417
390
388
419
415
392
415
411
399
413
411
400
408
418
417
406
419
404
419
433
405
408
416
409
419
402
418
417
418
415
404
428
401
411
393
415
409
399
408
423
412
393
419
390
419
397
409
418
412
388
434
409
407
407
409
401
417
402
402
390
419
400
418
402
396
400
388
419
410
430
393
424
406
449
416
401
401
415
412
401
401
428
419
406
392
423
402
397
399
406
417
414
395
403
405
395
403
395
389
412
391
402
435
434
410
418
419
389
414
424
431
418
411
402
420
417
424
410
417
417
402
393
394
402
428
391
396
398
411
418
414
390
432
394
391
402
417
403
416
403
434
402
425
432
390
419
397
418
420
407
438
413
423
388
405
392
394
416
438
416
396
407
416
409
429
401
405
400
418
401
417
392
402
419
417
401
435
416
407
417
420
435
414
422
558
405
416
412
427
417
406
417
405
416
417
402
398
419
391
392
433
405
407
418
397
389
401
407
432
409
396
399
400
420
401
398
420
421
416
416
419
399
406
419
422
403
401
416
401
392
404
401
402
396
406
416
413
397
404
418
408
402
417
401
410
396
418
392
398
424
399
419
409
402
402
409
417
388
416
390
418
390
416
401
389
434
389
391
401
408
391
419
409
416
418
419
390
432
410
419
434
411
403
402
409
432
401
402
405
407
391
412
419
402
406
430
412
407
418
417
406
392
414
412
430
419
396
404
433
418
403
418
413
400
406
402
410
419
410