D4 400
399
401
415
395
415
396
427
397
415
411
399
412
399
416
401
417
397
395
396
413
415
394
415
416
416
399
400
400
401
416
400
398
400
417
396
427
428
416
411
428
414
416
412
409
411
401
411
401
411
402
414
411
402
402
411
397
415
415
415
397
399
393
415
394
412
411
413
401
399
399
396
413
411
396
401
443
410
400
397
409
411
396
397
396
398
411
401
399
400
400
399
395
413
412
415
411
416
400
401
395
400
396
409
410
400
411
411
413
400
413
397
396
402
414
412
412
417
412
416
400
408
399
415
432
409
412
400
397
415
410
400
414
401
411
414
397
416
397
415
415
426
427
415
399
411
411
416
396
413
400
415
398
410
395
395
397
395
411
414
397
412
411
410
416
399
395
416
416
398
412
416
398
399
399
415
395
416
400
414
401
415
418
399
419
417
413
428
397
410
401
416
399
416
415
427
399
411
413
410
396
414
396
414
401
396
395
397
412
400
397
398
424
397
400
401
396
398
411
399
413
400
413
400
415
399
401
399
417
399
409
399
416
399
416
410
426
417
412
401
417
409
401
410
415
394
401
396
411
396
399
399
412
415
396
417
396
410
415
397
397
400
396
415
395
415
400
411
412
418
411
413
412
403
395
397
398
399
425
400
413
399
418
401
395
412
395
427
412
398
415
413
415
395
411
413
397
415
396
400
412
399
398
411
398
399
416
433
397
412
399
397
416
417
397
395
400
400
411
413
401
425
396
413
412
427
397
417
396
412
412
400
418
427
415
416
408
414
397
396
411
427
399
398
401
393
417
402
398
430
415
416
394
409
432
418
399
416
413
410
395
408
396
415
395
416
412
415
395
409
417
396
397
396
411
396
394
394
396
396
433
410
412
411
396
401
399
401
397
396
416
414
400
412
400
413
415
399
414
398
412
398
413
411
397
413
413
416
399
396
396
417
425
411
399
412
397
401
412
429
399
399
400
410
401
414
410
411
415
398
408
402
397
419
394
397
400
397
416
415
398
400
412
399
413
396
415
395
401
397
400
421
399
398
397
412
400
400
399
415
418
433
398
417
424
399
428
410
419
413
400
398
411
399
400
408
398
396
398
395
413
413
399
415
399
396
410
410
411
397
414
400
396
410
416
399
410
417
395
395
400
411
415
417
399
426
427
416
396
399
397
397
393
410
417
395
394
417
417
400
417
402
396
413
402
416
411
396
452
412
413
400
412
413
420
400
397
415
396
396
401
397
412
412
400
410
398
401
396
397
415
398
396
411
415
399
396
414
416
414
399
396
416
399
405
396
395
401
396
412
395
415
417
400
418
431
402
400
416
415
399
399
416
410
412
402
398
398
395
402
399
426
410
413
412
410
415
397
416
393
413