D3 1000
1001
1012
1003
1005
1003
1011
1000
1026
1003
1014
1004
1011
1002
1003
1004
1004
1019
1009
1006
1007
1011
1012
1003
1002
1017
1002
1007
1013
1008
1012
1017
1003
1018
1010
1010
1019
1002
1003
1016
1002
1021
1016
1002
1018
1010
1002
1007
1013
1002
1019
1019
1006
1006
1009
1002
1013
1014
1005
1019
1015
1012
1015
1010
1009
1015
1005
1001
1017
1015
1012
1008
1012
1010
1019
1018
1018
1016
1011
1017
1009
1013
1004
1018
1018
1018
1003
1012
1007
1018
1014
1010
1008
1015
1018
1016
1018
1003
1015
1018
1003
1001
1014
1012
1009
1013
1014
1019
1017
1003
1018
1004
1018
1014
1001
1011
1001
1001
1018
1019
1018
1014
1007
1008
1005
1021
1003
1001
1005
1001
1010
1007
1017
1018
1007
1016
1002
1018
1020
1008
1002
1018
1003
1018
1001
1014
1011
1014
1007
1014
1019
1017
1017
1011
1002
1015
1010
1017
1012
1002
1016
1015
1019
1018
1002
1016
1008
1009
1005
1002
1014
1016
1003
1006
1011
1011
1016
1017
1001
1006
1011
1012
1016
1002
1005
1018
1017
1001
1001
1003
1015
1012
1001
1012
1006
1010
1009
1012
1002
1013
1000
1011
1017
1014
1011
1003
1016
1012
1015
1003
1017
1010
1015
1015
1014
1005
1018
1019
1013
1016
1016
1012
1011
1003
1002
1013
1018
1007
1009
1014
1005
1017
1020
1006
1011
1019
1008
1009
1000
1004
1012
1019
1003
1005
1017
1017
1016
1013
1009
1018
1012
1014
1013
1007
1007
1016
1008
1017
1002
1017
1018
1002
1015
1017
1016
1002
1012
1001
1013
1020
1017
1019
1001
1011
1018
1017
1008
1002
1008
1014
1018
1002
1007
1016
1016
1017
1001
1001
1001
1014
1017
1005
1007
1010
1017
1005
1018
1006
1017
1018
1003
1017
1014
1002
1007
1010
1005
1009
1003
1010
1005
1014
1003
1006
1013
1016
1018
1013
1018
1004
1017
1009
1014
1016
1017
1008
1018
1012
1016
1017
1004
1017
1017
1012
1016
1016
1017
1019
1013
1013
1014
1015
1009
1010
1018
1016
1019
1007
1002
1010
1013
1018
1012
1016
1017
1017
1017
1004
1017
1020
1019
1013
1017
1001
1018
1015
1005
1012
1017
1009
1002
1014
1003
1004
1007
1016
1008
1019
1019
1011
1009
1002
1001
1018
1008
1013
1010
1018
1015
1016
1021
1018
1009
1014
1018
1003
1018
1016
1010
1009
1017
1015
1018
1019
1013
1017
1005
1002
1018
1003
1010
1017
1005
1008
1011
1007
1014
1016
1016
1007
1013
1016
1001
1004
1001
1010
1014
1022
1005
1017
1011
1014
1018
1013
1018
1015
1011
1018
1018
1001
1013
1001
1014
1009
1018
1001
1002
1009
1015
1007
1012
1001
1017
1005
1019
1003
1006
1017
1007
1018
1017
1010
1018
1011
1012
1001
1004
1001
1019
1013
1010
1005
1017
1020
1011
1011
1005
1012
1017
1001
1013
1017
1017
1015
1012
1012
1018
1018
1007
1014
1001
1013
1005
1013
1012
1015
1017
1015
1018
1017
1015
1011
1018
1017
1016
1002
1010
1013
1016
1016
1018
1013
1002
1004
1015
1018
1013
1009
1004
1002
1004
1006
1008
1005
1001
1016
1006
1017
1008
1010
1018
1002
1019
1004
1007
1015
1006
1012
1007
1003
1010
1006
1004
1008
1005
1004
1016
1016
1004
1018
1018
1007
1014
1014
1006
1018
1017
1018
1018
1018
1010
1018
1007
1002
1016
1002
1001
1013
1016
1017
1006
1018
1009
1013
1009
1001
1018
1017
1011
1017
1006
1009
1015
1019
1004
1005
1006
1009
1011
1014
1006
1002
1009
1003
1008
1017
1007
1002
1005
1017
1013