D4 1000
998
997
995
995
996
995
992
1001
995
993
1010
994
996
995
995
993
994
996
997
1011
996
994
995
1012
998
997
997
997
1013
997
998
996
1012
995
996
996
998
997
995
997
995
995
996
996
995
1010
1015
997
996
1041
1010
1011
999
997
1013
1009
998
996
1013
997
998
996
993
996
996
995
996
996
996
996
995
995
995
995
995
996
997
998
995
998
1012
1013
993
998
1011
1001
998
993
995
998
994
1013
997
992
996
1001
994
1009
996
1009
994
995
995
995
996
994
1010
996
996
996
994
996
997
997
997
1014
996
996
997
1010
995
997
1013
1012
1028
995
995
995
1010
994
995
995
993
995
1000
1011
1010
993
997
997
997
1012
995
994
996
1011
995
995
996
1008
995
996
996
996
1015
1013
995
996
1011
996
996
995
1011
997
996
995
997
1010
999
993
995
1013
996
998
998
997
997
996
997
998
995
995
1014
995
1012
995
996
996
1011
997
997
994
996
996
994
1008
995
1011
997
997
997
1010
999
994
995
995
996
994
995
996
992
993
991
995
1010
996
992
995
995
993
996
994
995
1010
995
994
995
1010
996
995
995
1010
998
995
1013
1011
1011
994
994
994
993
1026
995
995
1011
994
996
997
1012
1013
994
1012
994
994
996
997
994
1010
1012
997
997
994
997
995
996
996
1011
995
996
996
1027
995
996
996
1010
995
995
996
994
1009
994
996
996
992
996
998
995
1010
997
995
994
996
995
996
996
996
994
995
997
1011
1012
998
1013
996
997
998
996
996
996
1014
994
995
998
994
997
996
996
994
996
991
996
994
995
997
1011
996
1012
995
996
994
1009
994
1010
995
994
1011
996
995
1017
1010
994
995
996
1008
994
995
996
998
1013
995
995
995
1010
995
995
995
1010
995
996
995
998
995
997
995
996
995
1011
994
994
1011
994
995
994
1009
997
1012
996
1012
1011
994
998
997
1010
996
995
996
1009
1001
995
1010
1016
999
995
997
996
1013
1014
998
997
994
1011
998
997
1013
997
998
997
998
1011
997
1013
997
1012
1013
996
994
1009
996
997
995
994
1008
997
996
998
995
999
994
996
1009
995
995
993
993
997
1014
993
996
1011
1010
996
993
1009
994
994
1014
998
996
997
995
995
994
996
996
996
1000
996
997
992
1012
996
994
993
994
1010
995
996
995
996
995
997
997
1010
996
994
995
996
997
996
997
994
997
995
997
1012
1012
996
997
996
997
998
997
997
995
1015
995
997
997
995
997
996
996
1012
996
995
1013
996
994
996
994
995
1011
998
995
995
1010
999
999
995
996
995
995
996
1012
996
997
995
997
1011
997
1013
994
1009
999
997
997
996
995
995
998
995
1009
1010
997
996
1010
995
996
995
993
996
1011
998
997
1010
1010
993
993
1010
997
997
996
1013
995
997
996
996
997
999
995
997
1010
999
995
998
1008
1011
997
996
998
992
995
995
993
1009
994
993
998
995
995
1011
1011
1012
997
997
997
995
996
997
994