D3 150
164
170
168
171
155
186
174
177
171
184
156
193
169
273
169
189
169
195
179
206
188
176
166
173
179
167
162
235
165
167
160
177
158
172
187
188
169
158
174
175
206
193
250
165
155
192
161
183
168
287
155
174
162
168
178
178
195
191
193
170
190
187
158
174
178
183
190
158
168
157
208
226
190
202
186
154
163
202
220
177
163
176
166
175
169
379
184
175
204
171
179
152
174
158
161
188
169
177
200
203
165
200
421
185
155
171
164
214
211
188
169
155
194
205
477
158
183
184
178
161
166
164
153
168
155
176
165
187
150
166
163
174
182
160
158
165
198
162
174
160
181
188
183
190
171
199
198
164
185
177
163
177
163
160
183
166
193
181
159
167
155
181
160
173
164
177
155
208
520
170
158
170
176
176
169
168
152
186
157
187
178
187
160
160
172
176
151
171
170
177
161
185
167
169
171
177
173
174
203
176
162
194
188
418
175
179
176
167
159
173
175
163
192
168
189
197
176
152
154
185
173
187
181
164
163
159
184
174
194
200
174
155
167
190
192
183
174
177
166
206
182
202
187
160
169
166
187
184
163
164
172
157
161
169
171
176
155
160
163
175
179
171
181
176
197
176
171
208
162
152
213
180
159
156
191
165
183
172
160
166
193
182
187
241
175
166
163
187
179
739
169
172
169
177
199
186
157
190
176
166
157
170
174
159
172
148
157
169
180
156
152
170
171
179
178
175
165
189
165
162
165
163
161
163
186
148
179
173
170
169
160
160
184
170
172
171
182
170
202
162
179
186
168
178
165
150
171
170
166
171
185
176
170
166
183
163
162
155
164
185
180
162
155
204
173
189
154
167
151
155
164
203
147
171
171
155
180
157
182
184
175
166
151
186
161
177
190
158
169
179
171
178
221
182
177
181
181
177
145
173
172
200
172
203
164
185
150
180
188
186
169
164
189
174
182
189
185
154
162
176
187
176
168
194
155
172
170
168
178
176
146
194
194
148
189
155
159
177
166
158
178
169
157
181
181
167
181
175
171
151
199
191
158
190
183
161
194
185
191
180
218
186
181
169
187
199
156
189
176
182
185
164
171
188
183
198
169
161
165
151
183
208
151
162
162
182
165
178
197
199
163
177
198
161
174
173
159
188
158
160
198
191
158
193
188
166
158
164
169
168
182
189
154
191
212
170
162
197
183
162
187
173
167
204
147
162
189
154
256
177
168
199
161
178
192
153
163
152
168
188
152
195
163
181
170
161
186
182
155
181
156
163
173
172
196
160
153
169
154
174
186
163
183
198
167
177
151
173
203
153
157
156
177
170
173
169
162
161
174
152
177
249
169
156
159
160
175
187
161
182
184
164
187
177
182
202
163
199
175
251