D4 150
179
147
148
161
160
165
177
177
161
147
159
164
166
189
161
161
174
162
163
145
147
173
144
153
173
146
161
157
145
146
154
154
156
146
145
162
180
170
169
157
161
145
177
156
144
160
142
171
147
146
151
156
152
154
171
170
175
176
159
160
161
145
162
161
159
174
170
179
165
178
144
165
162
160
147
150
145
145
145
160
169
178
165
145
161
155
176
162
176
177
160
158
161
149
165
147
160
146
149
158
194
145
163
163
162
148
162
162
147
161
165
178
160
145
163
161
158
159
174
152
171
179
180
164
161
154
145
156
153
150
162
159
156
159
151
173
149
151
161
156
147
147
151
161
166
157
145
174
147
158
154
175
166
148
145
155
146
171
162
145
149
158
152
172
158
156
154
159
168
155
170
142
156
159
152
171
159
236
177
145
169
146
156
160
146
159
150
145
163
160
158
158
158
158
174
159
158
158
156
147
175
162
166
161
151
148
230
151
148
160
160
161
159
148
158
148
168
145
146
156
164
162
144
157
170
153
174
174
159
159
167
152
165
170
179
148
152
165
149
163
161
162
179
159
149
172
149
168
171
176
176
147
164
155
148
155
145
146
151
158
157
151
165
174
145
154
145
175
153
170
157
150
160
162
159
150
179
161
161
147
159
164
151
197
145
168
174
160
173
164
146
159
162
149
161
176
146
157
159
165
168
164
145
174
171
160
162
145
173
158
180
149
145
161
165
157
150
145
146
155
163
183
145
143
160
170
173
145
147
173
177
164
179
160
160
156
150
165
162
155
151
147
168
159
152
155
174
162
157
151
160
172
146
171
148
162
156
147
153
163
198
147
160
157
157
161
146
168
163
146
159
158
161
171
164
167
164
152
185
163
154
161
159
163
158
179
151
157
161
146
146
147
145
156
158
169
167
156
169
173
152
147
166
145
145
156
165
152
232
176
146
146
162
175
158
160
162
144
164
165
153
158
159
160
144
161
161
145
185
176
180
169
168
163
161
158
168
170
150
160
157
145
150
163
161
146
151
160
169
165
177
158
162
177
168
156
157
172
150
167
144
172
149
145
145
177
155
155
165
145
145
150
154
154
157
145
162
150
167
160
153
169
146
144
144
160
148
168
161
176
150
147
162
161
152
160
169
154
161
145
146
157
161
147
152
162
147
176
162
161
152
177
149
177
194
144
151
171
161
152
157
161
161
167
172
152
148
161
151
155
162
152
144
166
158
146
146
162
146
159
148
154
162
161
146
165
148
177
163
148
146
161
164
167
161
157
146
171
163
146
148
164
147
161
162
163
164
164
179
161
144
156
162
161
151
155
163
179
165
150
157
214
145
163
159
160
160
180
168
150
166
143
149
158
150
146
162
164
154
168