D1 150
14
15
14
19
14
19
18
14
19
20
16
14
16
25
12
17
17
26
21
11
16
19
20
19
9
19
17
21
12
20
17
15
19
18
18
16
16
13
13
24
18
16
15
14
15
19
15
20
16
14
8
15
15
16
21
16
17
19
19
19
13
21
17
12
13
17
16
19
16
5
23
16
17
16
14
16
17
17
18
19
21
12
14
20
15
18
14
19
18
14
27
11
16
13
13
19
17
13
21
13
12
12
19
17
15
17
16
12
16
16
9
16
13
19
16
17
16
17
17
19
8
13
15
18
15
19
17
16
8
19
16
17
13
9
14
15
13
18
20
20
21
17
14
19
18
16
19
6
18
12
6
16
15
10
13
16
16
17
11
16
10
14
16
17
14
16
11
17
16
9
14
19
17
15
13
15
16
20
15
15
18
17
14
13
13
22
6
7
19
17
19
17
14
14
14
13
16
19
10
13
11
10
13
14
18
13
26
12
11
18
18
15
20
20
16
15
13
12
15
19
12
21
16
14
18
19
15
16
17
14
16
10
22
15
16
8
14
13
11
15
12
14
17
9
17
12
16
18
16
13
16
9
19
12
22
19
14
14
18
16
11
13
18
18
13
15
15
19
19
14
16
19
7
14
18
20
17
7
12
16
19
18
19
16
14
7
17
20
10
9
15
16
16
17
14
17
11
20
19
15
11
13
10
18
22
7
14
14
12
17
14
10
21
13
13
6
20
18
16
21
17
16
9
20
19
10
16
19
18
18
9
12
20
21
18
11
13
14
20
16
14
7
12
19
14
6
12
5
8
12
19
5
15
18
15
14
18
16
17
18
23
17
7
20
16
18
16
11
12
14
9
20
7
13
10
14
18
13
15
12
18
22
8
13
10
6
17
13
15
19
10
13
17
18
14
19
15
15
7
15
9
19
16
15
15
12
12
18
12
10
28
22
12
19
13
18
16
13
21
19
14
16
12
16
16
13
18
19
20
11
9
20
20
6
17
13
16
29
12
14
18
11
9
15
12
18
22
18
19
14
11
16
14
24
14
5
13
14
20
18
18
23
20
16
16
21
18
13
13
19
22
15
13
14
6
19
17
14
16
8
13
20
8
12
15
23
20
6
12
13
11
16
22
16
16
26
15
7
11
11
20
20
16
11
15
20
15
6
16
14
14
19
17
16
17
16
14
24
6
15
25
20
13
13
8
18
20
10
20
18
18
16
11
19
19
13
13
12
17
16
11
19
11
22
19
15
18
17
17
11
7
14
14
22
24
17
14
22
13
19
24
16
20
16
11
14
15
9
18
15
9
17
13
11
18
19
18
12
13
16
17
16
19
9
9
17
15
17
8
20
16
16
15
9
16
17
6
18
11
17