D3 1000
992
1017
1002
995
988
1002
990
994
995
992
1017
1018
1017
1001
1005
1010
1017
990
987
998
994
993
1018
1018
1018
1002
1017
990
1018
991
995
1005
1001
1018
1012
1004
1022
1001
1002
1009
1002
991
1007
1012
1033
990
1017
1018
1012
1001
996
1015
995
1017
991
1013
1023
1030
1001
1018
990
1010
992
1012
1019
1016
1001
1001
1035
1000
991
1002
1019
994
994
1003
1001
1002
1016
1018
990
991
1018
1001
989
995
1015
1020
989
1001
997
1014
989
1001
994
1016
989
1001
1013
1016
1019
995
1001
1027
992
987
1018
1010
1002
1017
1006
1002
1016
1020
1001
1011
1010
1011
1017
1002
1031
1008
1007
994
989
1001
1002
1004
1018
1008
1018
1018
1002
1016
1018
1018
1001
1033
1003
1019
988
1016
1009
1003
1018
1009
1012
996
991
1004
1033
1011
994
1001
1016
1001
1002
991
1012
1002
1003
997
1018
1017
1001
1001
1005
1009
991
994
1018
994
997
1003
1002
1005
1017
1011
1002
1001
1034
1015
1002
1002
1020
1019
1001
1017
1015
1021
990
1001
1001
1002
988
1018
1018
1016
1001
999
995
1008
1021
1017
1017
1012
1000
1020
1016
1015
1016
989
1008
1010
998
1034
1018
1002
1001
1019
1019
1012
1019
997
996
990
1024
1020
988
1019
998
1017
1002
1018
1013
998
1002
996
1001
1028
1018
1000
1018
1016
1020
1018
998
1026
1002
1011
1009
1015
998
988
1001
1007
1021
1001
1001
1018
1033
1007
1001
1032
1009
992
1002
1001
1014
997
1011
1017
1001
1001
1018
1018
1004
1016
1008
1001
1007
989
1018
1016
1018
1029
1016
1018
1001
995
1012
1001
988
1001
1035
1001
1018
994
1017
998
1019
1001
1013
988
1000
1019
1011
1032
992
992
1019
1016
1008
1001
1001
1036
996
1020
1002
1030
1001
1003
1018
1016
993
991
1018
995
998
1011
994
1002
989
996
1008
990
1006
1001
992
1002
1018
1002
993
1004
1002
1001
1017
996
1008
1002
992
1001
1011
1018
1002
1016
997
1017
992
1000
1001
990
1019
1002
996
995
988
1016
1027
1016
1018
1002
993
1010
1016
993
993
1008
1009
991
1014
1018
1028
990
1020
991
1011
1009
1016
1002
1002
1009
1018
991
1016
1015
1003
1011
990
987
1035
1014
1011
1032
1022
1019
1002
1004
1018
999
1003
995
1018
999
1012
1000
1025
1000
1017
1018
1015
1002
1012
1018
1016
1004
1002
1019
1019
1018
1001
1016
994
1017
993
994
1018
1018
1031
996
1013
1013
1032
1014
1007
1025
1006
1016
1002
1002
1024
993
1008
990
1013
1009
1014
1003
1016
1001
1003
1018
1002
998
1010
1002
1018
995
1008
1021
1004
990
1008
1012
1001
999
1024
996
1021
1016
1012
999
1001
1015
1003
1003
1003
1016
1003
1002
1018
1015
1019
1003
1020
997
994
1018
1007
1002
987
998
1001
1019
1012
1017
1020
1018
1033
1018
1002
996
1031
995
1000
998
1018
1020
1002
998
1018
1015
1018
1017
1001
1006
1019
1001
1005
1018
1013
1002
1013
1012
1020
1001
1002
995
1002
1018
1008
1035
1019
1012
1001
1014
1014
1010
1030
997
1027
1001
994
1017
1012
998
1017
988
1011
1003
992
1001
1012
1012
1030
1018
992
1018
1009
1009
1000
997
1012
991
1015
1033
1018
1000
1004
1009
1018
1001
1003
1002
1013
999
1003
1017
1002
1005
1001
1009
1017
1002
1017
996
1017
997
1003
1006