D4 1000
998
1015
1000
997
1015
1032
1001
997
998
1014
998
1000
1000
1015
1014
999
1002
999
1016
999
998
999
1031
1017
1016
998
1013
997
1016
1000
1000
1018
999
1014
1001
1015
1016
1000
997
1015
1000
999
998
1014
1000
1001
1001
1000
1015
1001
1016
999
1011
1000
999
1017
1007
1016
1000
1000
1029
1013
1015
999
1013
1001
1001
998
999
998
998
998
1001
999
1000
1000
1014
1031
998
1017
1001
998
1012
999
999
1013
1001
1016
999
999
1014
999
996
1017
1014
1016
999
1016
1016
1014
997
1017
1013
1001
998
998
1014
1032
1000
999
1000
1029
1001
1001
1014
1030
1001
999
1000
1014
1002
1017
1000
998
1012
999
999
1001
1014
1017
1018
1000
1032
998
997
1017
1030
1000
998
1000
1016
1002
1001
998
1017
1016
1013
1001
1001
1029
999
1018
1015
1015
998
999
1000
998
1001
1001
1002
1014
1031
1017
1013
998
1016
1017
998
1000
1016
1016
998
998
998
1016
1016
1015
997
1011
1014
1018
996
1015
997
1000
1000
1014
1002
997
1014
997
998
1013
1000
1000
1015
1017
997
995
1019
1000
999
999
998
1015
998
1000
1012
1000
1001
1017
1001
997
996
1000
1017
1015
1017
1000
1017
999
998
1000
1001
1011
1001
1001
997
999
998
999
1017
998
1016
998
1000
1014
1030
1018
1017
1016
1015
1013
1000
1017
1013
1000
1014
999
1000
1017
999
1017
1000
1030
999
1000
1015
1015
1000
1000
999
1000
1007
1000
998
1000
1004
998
1000
1014
1016
997
998
1001
997
997
1002
999
1014
997
1000
1002
1016
1017
1017
1001
1000
1013
1002
1000
1014
1028
1001
1017
1000
1029
1018
999
1017
997
997
1000
1015
1001
1014
1034
999
1001
1015
1000
999
1017
1028
1000
1014
1000
1015
1019
999
997
1016
999
1018
1000
998
1013
998
1000
1015
1030
1015
1014
1002
1029
1001
1015
1015
1012
1000
1000
1000
996
1018
1000
997
1017
1013
1017
999
997
1015
1016
997
1002
1015
999
1000
999
999
1015
1016
999
1014
1027
997
1016
998
1014
997
999
1018
1000
1000
1002
1012
1029
997
997
1000
1032
999
1015
996
998
997
1017
1002
999
1016
1000
997
999
1046
1000
1000
1018
998
1016
999
1000
1016
1001
1027
1017
1015
997
1000
1013
1010
1012
1001
995
998
1015
1001
1000
1002
1014
1000
1010
999
995
998
1001
998
1000
998
1000
998
1017
1029
998
998
1016
1015
1016
1002
1017
1015
1012
1017
1003
1015
1017
1001
1015
1001
1016
1017
1014
999
998
997
1017
999
1032
1016
1017
998
1031
1014
999
1016
1015
999
998
999
1017
1002
998
1000
1000
1013
998
1019
1014
1015
1013
997
1015
1014
1018
998
1017
1012
998
1016
998
1013
1017
998
1002
999
1014
995
1017
1000
1013
1012
995
1017
995
1016
1019
1018
1014
1001
998
999
1029
1016
996
999
1014
1017
998
1017
1017
1014
1000
1017
1016
1015
1000
1016
1000
1015
1013
1015
1017
1015
1019
999
996
999
1013
997
1001
1002
1000
1014
1016
1019
1016
998
1001
999
1032
999
1015
1012
1015
1016
1011
999
1028
998
996
997
997
1018
1033
1015
999
1015
997
999
999
998
999
1000
1000
1027
1016
1000
998
1014
1001
996
1001
1014
1016
1018
1016
997
998
1000
1016
1015
1029
998
1016
1002
1015
1016
1014
1014
1002