D3 1000
998
995
999
1000
994
992
997
1001
993
999
986
1001
996
1011
992
1001
1001
992
994
988
987
993
1004
1001
993
995
996
988
994
1002
992
1011
1003
1003
996
1001
1001
1002
1001
1003
999
995
1001
1003
995
994
992
1019
1014
1001
996
997
1000
1002
988
989
989
997
999
989
996
994
993
1017
1008
986
1003
1004
1011
1000
1000
989
1014
1004
997
999
990
996
1001
1001
1003
997
986
1007
996
996
996
1002
986
999
988
992
992
997
994
987
998
1014
990
996
1001
991
1008
991
996
1001
1013
995
993
988
1007
1016
1016
1002
988
995
990
1005
1002
999
1014
988
993
998
998
988
993
994
1017
992
998
1000
990
995
1001
993
993
1021
998
996
996
1015
995
994
1002
1018
998
999
1016
990
996
1003
999
989
1015
1001
989
1002
989
1005
995
1007
992
1000
991
1011
994
990
990
996
990
1012
1000
1010
1012
1004
997
998
997
1003
993
1000
1020
1003
1000
1013
1019
999
994
1009
1002
1016
992
989
996
998
1002
1009
986
1019
1005
1004
998
998
999
989
994
1001
997
1001
1018
1018
1004
1003
996
999
990
1008
997
990
1004
1003
992
1002
999
989
994
1009
1003
989
1000
995
996
1000
998
1012
992
1003
1001
992
991
1019
1019
998
992
1019
986
1007
987
989
998
994
1017
1009
1017
993
985
989
1008
988
1005
994
992
1001
987
999
988
1010
986
1003
1017
1013
1000
990
987
988
995
989
991
1001
999
1015
990
1003
991
991
989
1006
985
991
990
999
1013
988
996
1001
989
998
989
1007
1012
1012
1000
1018
999
998
992
1001
995
1004
997
991
996
990
1010
1000
996
1004
1003
996
1014
988
1015
1018
1020
988
987
989
1002
1000
1018
992
993
991
997
1003
1016
997
992
995
1007
1017
988
988
1012
988
992
1003
997
1000
1011
989
996
998
999
998
995
1003
996
1001
1013
991
1001
1000
998
1020
987
995
996
1002
1013
1019
1017
993
1014
990
988
987
1005
1018
1003
998
1016
990
1002
987
997
997
1001
1000
1007
1006
1002
1006
988
993
986
1007
1016
1000
994
996
999
1016
989
1003
997
992
990
1013
1015
992
995
1016
998
1002
991
998
999
1006
996
1013
986
991
1010
1006
999
991
988
993
995
1017
992
992
995
987
1013
998
1001
991
1016
992
1014
992
989
992
992
996
990
991
992
999
1001
1012
988
988
1001
1012
989
1012
990
988
996
989
1010
991
1004
1001
990
1014
998
987
1018
1015
1001
996
993
993
998
1003
1007
1010
996
988
1002
1013
989
1011
1021
993
1003
988
1010
990
993
994
1007
1006
992
1003
1000
1014
1019
1003
995
1007
1019
1014
1001
993
992
990
986
999
1006
1001
992
1002
987
995
1009
991
999
998
1002
999
991
988
990
999
987
1017
989
991
994
998
995
1003
986
1012
992
990
994
996
1006
1002
989
1017
988
987
992
988
992
990
1006
1017
1017
995
997
1001
996
1006
1012
1002
1018
1010
996
1010
989
1016
1011
992
999
1010
1004
1016
988
1014
993
997
1008
1016
1007
993
1020
998
992
1005
996
996
995
1011
989
1008
1002
993
988
1003
987
997