D4 1000
1018
1000
1001
1012
1001
1000
1000
1001
1012
1000
1002
1000
1000
1012
1017
1000
999
1017
1028
1000
1002
1000
999
1013
1001
999
1017
1001
1029
1015
1000
1000
1001
1012
1017
1001
1001
1000
1012
999
1002
1016
1001
1012
1000
1016
1000
1000
1012
1000
1000
1001
1018
1010
1000
1000
1017
1000
1030
1000
1001
999
1001
1030
1000
1000
1001
1002
1012
1016
1000
1015
1017
1011
1017
1016
1016
1000
1013
999
1000
1017
1017
1029
1000
1003
1000
1016
1014
1000
1000
1017
1016
1028
1015
1000
1017
1000
1011
1000
1018
1016
1001
1028
1002
1018
1000
1000
1028
1017
1019
1017
999
1014
1017
1000
1017
1000
1013
1017
1000
1001
999
1027
1001
1017
1015
1016
1012
1017
999
1018
1003
1028
1000
1016
1017
1000
1010
1033
1001
1001
1001
1012
999
1016
1017
1000
1013
1000
1001
1017
1001
1028
1018
1000
1000
1017
1028
1017
1000
1017
1017
1014
1017
1017
1016
1000
1012
1016
1016
1017
1017
1028
1003
1000
1000
1000
1028
1002
1001
1000
1001
1027
1017
1019
1001
1017
1027
1017
1015
1017
1000
1028
1016
1015
1001
1000
1013
999
1018
1001
1001
1012
1015
1016
1015
999
1012
1001
1017
1000
1001
1029
1001
1016
1003
1018
1011
1015
1017
1000
1018
1012
1017
1017
1000
1017
1029
1015
1017
1016
1001
1029
1001
1001
1001
1002
1029
1000
1018
1000
999
1012
1016
1016
1001
1017
1012
1001
1001
1000
1000
1012
1017
1000
1017
1001
1029
1016
1000
1017
999
1012
1016
1000
1018
999
1012
1000
1017
1016
999
1029
1000
1000
1000
1015
1013
1016
1016
1000
1001
1012
1017
1000
1015
1017
1012
1017
1000
1000
1017
1012
1001
1000
1017
1016
1027
1017
1017
1017
1016
1027
1017
1000
1001
1016
1029
1017
1015
1001
1016
1027
1000
1001
999
1000
1028
1017
1016
1001
1001
1014
1000
1001
1000
1016
1012
1001
1000
1000
1017
1028
1000
1001
1017
1017
1012
1017
1001
999
1016
1014
1000
1016
1001
1016
1013
1000
999
1016
1017
1031
1017
1000
1017
1001
1027
1000
1016
1016
1016
1014
1002
1015
1002
1017
1013
1000
1017
1001
1001
1012
1000
1001
1017
1016
1014
1033
1000
1001
1016
1013
1001
1016
1000
1015
1012
1014
1001
1000
1016
1028
1017
999
1001
1000
1012
1017
1000
1000
1000
1029
1017
1001
1014
1000
1029
1000
1015
1000
1000
1013
1016
1000
1017
1000
1014
1018
999
1017
1000
1011
1015
1000
1000
1015
1030
1017
1003
1001
1000
1011
1017
1002
1000
1000
1028
1017
1000
1017
1000
1011
1017
1017
1017
1000
1012
1018
1000
1015
1000
1013
1017
1000
1016
1001
1026
999
1000
1016
1001
1027
1017
1016
1000
1016
1009
1001
1016
1000
1001
1012
1017
1017
1015
1001
1013
1000
1000
1000
1001
1012
1017
1001
1017
1017
1029
1000
1000
1017
1017
1012
999
1000
1000
1000
1012
1017
1000
1001
1001
1028
1017
1000
1002
1001
1011
1015
1000
999
1016
1012
1001
1016
1000
999
1028
1017
1017
1017
1000
1010
1034
1018
1000
1016
1012
1015
1018
1000
1017
1029
1015
1017
1016
1000
1011
1017
1000
1017
1000
1012
1000
1000
1000
1000
1012
1000
1001
1016
1000
1029
1002
1001
1000
1000
1010
1000
1001
1017
1017
1028
1002
1016
1001
1000
1014
1001
1018
1001
1017
1012
1015
1001
1000
1002
1012
1000
1017
1017
1000
1029
1017
999
1019
1017
1029
999
999
1000
1000
1013
1000
1001
1001
1001
1027
1015