D3 400
408
419
417
409
401
389
396
391
411
408
408
409
401
392
434
435
389
394
390
410
434
414
409
406
392
397
387
402
419
415
410
402
429
400
396
418
413
401
396
417
418
389
395
389
418
400
389
401
418
393
404
392
437
417
403
399
418
391
400
392
391
429
402
420
401
401
417
391
414
389
392
417
396
401
388
417
408
387
399
416
422
403
418
418
403
417
404
416
408
417
392
418
418
420
401
414
402
420
397
404
402
435
391
401
407
402
418
401
402
409
401
412
418
418
406
401
417
396
411
413
423
422
407
434
415
387
412
390
411
418
406
417
416
391
396
419
408
407
405
415
413
422
408
392
417
419
397
418
410
400
427
402
402
393
401
436
406
419
395
408
397
418
391
391
417
401
417
405
400
408
416
413
429
427
396
435
388
414
431
417
412
417
412
416
403
391
396
429
427
434
418
392
404
392
410
418
412
411
388
391
411
421
418
414
402
403
405
420
430
392
429
415
414
415
417
391
417
418
420
388
416
402
393
401
411
411
418
388
413
393
417
398
421
418
412
402
394
417
419
418
418
419
401
402
418
390
433
419
402
409
391
406
411
419
410
411
408
410
390
402
419
388
405
410
411
424
416
429
397
403
421
409
393
417
419
409
393
389
392
402
419
422
392
431
419
405
419
413
401
405
433
402
415
411
395
388
420
398
401
396
418
402
415
413
417
412
417
419
415
390
414
400
404
403
409
418
411
401
413
434
406
396
412
403
411
417
418
415
406
418
405
395
392
405
407
419
418
438
388
417
415
391
418
433
416
393
417
400
406
388
422
420
418
418
412
407
401
412
428
396
401
397
401
408
411
397
401
405
415
414
417
418
418
406
392
402
389
403
389
395
395
417
400
401
418
422
401
420
400
401
394
417
418
416
431
408
395
416
420
403
411
425
418
418
389
420
431
399
406
433
418
401
421
413
403
409
432
434
418
404
394
417
413
422
403
432
393
406
421
420
402
395
406
418
394
433
401
416
401
418
402
418
410
417
411
399
408
420
418
412
394
418
405
389
416
411
435
390
406
390
412
414
411
410
396
404
417
433
413
404
417
411
398
404
431
409
395
395
399
417
418
392
417
398
403
420
401
417
421
404
415
411
401
432
412
418
418
392
405
418
399
391
432
393
407
391
405
397
418
415
432
405
416
401
424
399
404
390
419
408
412
419
431
417
402
419
432
432
433
408
407
431
394
401
404
435
415
421
409
410
406
398
415
402
406
405
397
396
401
420
407
391
436
419
409
401
417
419
417
401
390
409
393
400
417
412
417
393
413
416
419
418
394
394
407
402
402
403
420
398
399
407
392
416
412
418
419
415
419
395
397
389
405
392
417
398
415
407
409
401