D4 400
412
396
398
434
400
395
415
399
413
415
402
399
397
416
416
400
415
412
400
398
415
397
400
417
411
431
416
416
393
412
413
414
413
410
397
416
410
399
395
399
400
396
395
400
399
396
398
399
402
394
393
395
398
399
412
396
416
412
413
399
400
417
410
414
396
415
428
414
398
396
396
417
412
415
400
396
401
400
400
399
399
395
399
400
395
398
411
395
398
400
415
394
400
417
412
394
400
416
395
416
397
399
396
415
416
402
412
411
413
400
415
398
397
415
396
417
397
412
399
433
409
401
392
416
399
416
397
412
413
399
412
400
400
400
417
396
394
398
419
393
415
410
399
399
416
395
402
395
398
417
415
413
410
394
395
399
399
408
395
415
413
399
396
414
414
417
399
440
394
413
412
416
414
424
394
399
396
400
418
400
398
413
399
419
400
428
415
416
398
428
394
395
413
413
396
399
400
397
416
397
416
396
398
415
415
413
415
429
416
415
399
400
412
417
415
399
417
400
414
395
400
414
398
400
400
416
395
415
411
413
429
396
398
399
413
399
427
415
428
399
412
397
417
397
410
395
400
399
398
399
415
395
396
399
411
396
396
395
412
400
395
400
400
412
411
417
400
416
410
412
398
417
398
413
396
411
416
396
405
410
409
398
417
403
412
416
412
414
396
412
416
410
402
412
394
431
394
413
400
416
399
398
410
394
415
395
395
399
396
416
399
399
397
417
417
413
397
416
393
398
395
411
410
395
414
416
396
413
396
417
400
395
399
398
395
396
395
399
398
401
399
415
399
415
416
397
399
399
396
417
434
401
429
396
413
399
414
416
400
416
411
397
413
400
414
396
399
395
400
412
415
415
400
399
399
395
399
399
413
414
396
399
415
417
411
399
414
395
399
398
396
400
396
430
416
396
415
395
398
412
414
399
417
395
395
397
400
415
412
399
416
397
410
416
411
396
398
398
400
418
399
430
431
408
415
414
395
431
415
410
395
396
430
427
396
398
397
414
399
415
409
414
415
394
417
399
399
416
399
415
415
397
398
396
417
414
416
397
394
397
400
416
400
417
398
396
400
402
416
413
401
400
413
400
419
400
400
400
416
400
410
416
411
419
416
399
416
416
400
395
427
399
400
417
415
400
399
396
399
416
394
416
400
393
402
399
415
395
412
411
400
416
418
397
401
400
394
399
411
417
396
397
401
413
395
401
416
403
417
416
400
430
395
399
416
415
400
416
413
415
399
415
400
399
399
417
412
396
413
396
400
415
398
395
399
414
414
416
432
397
396
396
411
398
400
414
398
416
415
416
414
398
394
396
414
399
396
400
395
397
398
398
413
418
396
414
395
416
413
397
413
433
396
396
416
396
395
428
402
415