D3 150
195
174
169
161
160
171
163
158
161
174
175
222
174
176
188
154
194
183
172
199
164
194
170
175
164
163
155
166
155
185
189
178
194
177
168
172
179
165
190
167
164
312
181
193
163
163
175
166
169
155
189
171
190
185
186
170
162
156
327
160
163
175
204
189
188
192
198
190
186
186
287
172
167
198
186
187
156
168
163
174
166
180
164
191
206
212
162
183
191
159
330
158
205
206
178
175
177
206
186
188
181
193
174
160
194
195
158
164
172
179
156
164
163
181
204
192
176
201
174
415
191
196
211
191
214
188
212
196
183
175
192
222
218
170
196
226
205
208
192
203
166
183
154
205
224
220
187
181
167
171
186
157
191
196
201
191
211
187
153
173
163
190
189
219
206
186
174
162
164
193
180
183
223
160
157
160
193
204
203
176
202
196
161
189
169
192
163
172
176
187
162
180
202
192
164
201
201
210
180
227
207
174
185
201
179
206
161
209
195
205
183
158
199
217
208
182
214
219
202
208
190
173
546
207
183
204
217
215
216
211
175
195
156
177
195
222
195
163
163
156
164
195
158
162
206
198
159
207
198
168
177
179
205
211
211
222
187
219
170
168
156
198
169
204
193
204
211
208
212
215
199
198
194
187
187
192
178
179
175
190
212
198
167
174
197
211
162
212
190
178
190
188
173
188
167
207
213
208
224
218
193
187
201
199
191
196
200
196
196
227
198
189
165
192
204
171
193
193
170
183
169
196
223
155
184
192
192
223
174
219
216
208
188
190
162
234
208
202
213
182
161
199
167
231
198
229
191
174
225
221
221
211
211
215
223
167
221
221
189
192
214
216
197
185
205
158
203
198
214
218
203
214
228
227
212
166
180
230
231
225
177
154
209
200
157
214
191
239
160
160
196
198
222
167
215
196
172
209
196
162
215
187
223
219
182
163
205
161
230
194
201
188
191
182
219
194
194
159
172
203
164
174
237
234
229
249
206
231
173
235
162
161
227
184
206
216
214
218
178
212
209
229
215
165
233
187
212
216
220
213
195
219
213
220
246
166
164
202
157
234
237
243
227
208
221
163
233
215
232
172
201
233
218
202
202
242
239
182
170
165
205
242
169
226
276
206
184
240
219
205
221
188
181
213
230
190
234
229
208
233
214
169
208
218
161
217
205
216
180
224
232
197
225
227
220
223
206
221
230
211
196
212
230
323
182
171
229
218
231
165
214
213
189
206
183
194
159
208
184
224
189
248
234
235
237
225
167
258
222
197
234
206
258
228
227
240
225
236
219
242
227
230
220
236
215
205
172
232
194
251
243
240
230
235
163
222
193
154
209
166
206
237
226
234
191
179
207
196
211
225
215
204
185
216
212
222
220
249
241
229