D4 150
145
146
146
162
146
146
146
147
147
162
160
157
161
155
145
146
191
158
153
157
157
163
162
158
163
160
159
162
160
147
161
160
153
159
158
159
146
159
159
148
148
150
146
147
151
178
158
152
147
163
145
178
153
162
162
161
159
163
172
149
146
148
156
146
148
162
146
160
161
156
153
162
145
162
148
162
147
146
147
162
160
156
157
158
155
158
152
146
157
161
149
159
159
158
209
157
156
146
145
161
161
159
145
158
159
159
157
146
145
161
146
160
160
145
166
166
158
147
161
158
162
159
155
149
161
145
161
160
165
165
161
158
146
181
162
160
147
160
156
152
146
146
153
162
147
161
152
156
153
162
157
156
159
161
161
162
161
162
152
159
159
160
161
147
162
165
152
161
163
162
162
164
225
153
164
148
149
165
157
147
152
151
160
161
158
163
147
157
160
159
160
161
151
149
160
157
157
144
166
154
159
159
151
150
144
144
142
157
152
161
145
154
161
156
154
159
157
160
152
158
159
160
158
173
146
146
159
157
148
149
147
158
161
158
161
162
155
151
157
153
158
147
158
154
147
158
146
159
161
145
169
145
163
154
145
159
158
144
160
149
165
157
159
146
159
150
157
161
160
160
149
162
153
160
162
161
158
148
146
162
157
164
161
161
160
155
158
162
163
219
149
147
160
161
159
161
162
146
160
160
147
146
149
161
158
155
146
163
150
153
146
160
146
158
149
164
159
159
159
164
161
159
160
149
161
150
159
161
225
163
152
147
145
150
152
151
160
161
149
163
158
159
152
160
145
158
146
155
147
156
150
158
159
156
158
175
162
160
155
149
160
147
146
160
156
163
162
147
159
151
161
159
158
156
160
153
151
148
162
161
161
151
155
159
151
162
165
151
158
161
151
153
162
149
162
163
162
147
160
159
156
164
161
145
159
162
151
162
148
162
148
147
160
157
162
160
149
158
162
161
152
173
162
148
151
152
158
151
158
156
162
155
146
150
146
151
156
161
153
153
161
160
160
159
160
181
153
157
161
161
163
161
145
158
157
160
151
146
147
146
162
156
157
161
161
174
158
159
161
151
146
158
156
144
170
156
144
174
157
162
160
156
160
148
164
161
156
145
162
160
156
161
159
146
158
158
159
162
165
161
160
150
146
145
148
160
159
160
179
158
163
166
145
245
161
161
147
153
161
162
160
162
160
192
159
158
157
158
159
171
160
159
162
161
147
160
159
157
148
157
150
155
158
146
160
150
147
152
157
146
149
145
205
145
149
151
157
152
148
144
153
160
162
152
156
144
156
160
147
158
157
159
161
156
175
160
156
153
161
159
160
156
157
154
164
148
160
157
155
146
158
195
146
156
161
162
162
153
161
161