D1 150
13
14
19
14
13
24
28
14
10
13
19
23
18
15
20
15
20
12
12
10
14
22
18
12
12
11
17
11
15
16
12
16
11
13
9
17
19
12
13
10
11
15
16
10
18
6
13
11
20
11
18
6
19
13
11
6
21
10
6
10
9
15
14
13
16
13
14
18
12
15
6
18
8
11
17
15
16
14
17
10
14
18
5
13
11
15
16
14
20
9
18
15
13
12
10
16
12
19
14
18
11
16
9
17
6
10
8
14
16
18
18
9
18
18
19
13
17
18
16
14
15
15
12
20
11
18
16
10
13
15
9
12
11
19
15
19
21
21
17
13
11
11
7
16
14
12
19
15
10
18
10
13
21
15
16
13
18
16
8
7
15
8
13
18
11
17
13
20
13
17
12
12
22
11
7
14
9
11
14
15
13
11
18
16
12
10
14
12
17
13
10
12
7
13
15
19
10
16
14
14
15
15
8
14
11
14
12
12
17
18
13
10
8
11
17
11
16
12
19
18
14
13
13
13
14
17
9
19
18
11
14
13
14
13
8
13
10
12
16
13
12
12
17
13
5
15
15
12
10
15
16
11
18
10
13
13
16
17
17
6
19
18
12
17
12
14
19
16
13
13
17
14
18
15
13
16
21
12
16
18
6
9
8
12
18
19
8
15
17
16
21
16
18
10
14
19
11
11
19
16
10
14
17
15
17
17
15
11
12
15
14
7
15
13
18
12
15
12
13
14
14
10
13
7
14
15
13
12
14
12
19
12
6
12
18
15
15
16
16
10
15
11
15
10
10
19
15
16
13
12
7
16
14
11
13
16
14
13
11
12
10
20
15
14
9
10
11
19
14
17
18
13
7
18
24
16
17
12
12
16
18
15
17
10
14
9
14
10
12
13
11
13
19
17
13
10
17
8
13
21
14
14
19
13
13
14
10
15
17
10
14
5
19
13
15
6
11
15
16
14
18
15
18
15
15
14
16
14
19
10
10
18
11
15
14
18
13
6
14
16
15
15
12
9
12
11
16
11
15
13
16
15
13
13
13
22
13
16
10
18
21
17
13
17
13
14
15
9
18
14
16
12
13
14
13
13
15
10
12
11
18
17
12
12
11
18
16
15
17
15
15
14
7
8
14
17
12
16
22
17
15
9
18
14
13
17
6
14
18
17
10
9
17
25
17
13
14
10
19
9
14
17
8
17
6
7
14
12
14
18
12
10
16
21
15
13
15
16
16
15
9
17
13
11
15
17
15
9
13
12
12
8
20
11
14
11
12
16
12
15
16
10
6
18
14
14
12
14
12
15
17
15
13
10
19
17
19
9
17
16
7
14
15
13
13
12
15
10
17
21
14
23
12
11
22
11
19
16
11
17