D1 150
9
2
2
2
1
3
2
2
2
2
2
2
3
2
2
1
2
3
1
1
2
3
2
2
1
2
3
2
2
2
2
1
2
1
2
3
1
1
2
3
2
1
3
2
1
2
2
1
5
1
2
2
2
3
2
3
3
1
2
3
1
1
3
2
2
2
2
1
2
3
2
3
4
2
2
1
1
2
1
1
2
2
1
1
3
3
2
2
2
2
2
1
2
2
2
2
3
2
2
2
3
3
1
3
2
2
2
2
2
3
2
2
2
2
4
2
2
2
3
2
3
2
2
2
1
3
3
4
2
1
1
1
5
2
2
2
1
3
2
2
3
1
3
4
1
2
4
5
2
2
2
1
2
2
2
1
3
3
2
2
3
1
2
2
1
1
2
2
1
3
4
6
5
2
4
1
2
4
1
2
1
2
2
1
3
2
5
2
2
2
2
2
3
2
4
3
2
2
2
3
2
2
2
1
1
2
2
2
1
2
2
3
3
2
3
4
2
1
2
1
2
3
2
3
2
3
2
3
1
4
2
3
3
1
2
3
2
2
2
2
1
2
2
3
2
1
1
2
4
3
3
2
2
2
2
1
3
2
2
1
1
1
2
2
2
2
3
2
3
2
6
2
3
1
2
2
2
1
2
1
5
2
1
2
2
1
3
2
3
3
2
4
3
2
2
2
2
1
3
2
2
1
2
2
2
1
2
1
1
1
1
2
1
1
2
1
3
1
1
2
2
2
4
1
2
2
2
1
1
1
1
1
2
1
2
2
2
3
2
4
2
3
3
1
2
3
1
1
3
2
2
1
2
2
4
2
2
4
1
4
2
2
2
3
2
1
2
2
3
2
2
1
1
1
2
2
2
2
2
2
2
4
1
1
3
3
5
2
2
2
1
3
3
2
2
2
2
1
2
2
2
2
2
1
2
2
5
2
7
2
2
2
3
1
2
4
3
2
3
3
1
4
2
2
2
3
3
1
2
2
2
3
2
2
2
2
2
2
3
1
3
3
2
2
4
4
2
1
2
2
2
3
2
2
2
2
2
2
2
2
2
3
2
2
3
1
1
2
3
2
3
2
2
2
1
2
1
2
3
1
4
2
2
2
1
3
2
5
4
2
1
1
2
5
3
1
3
3
2
2
2
4
3
2
1
2
3
1
1
1
5
2
1
2
1
5
2
2
3
2
3
3
2
2
2
2
3
2
1
2
1
2
2
3
2
2
2
2
1
2
3
2
4
2
2
4
8
2
2
2
2
1
1
4
3
2
2
2
2
2
2
1
2
3
2
1
2
2
2
5
2
1
2
2
2
3
1
2
2
3
1
2
2
2
2
2
2
1
1
2
3
3
4
1
2
2
5
2
1
1


D2 150
0
1
1
0
1
0
1
1
1
0
1
0
1
1
1
1
1
1
1
1
1
0
0
1
1
0
1
1
1
0
0
1
1
1
1
0
1
1
1
1
0
1
1
1
1
0
1
1
1
1
0
0
1
1
1
0
1
0
1
0
1
0
0
0
0
1
1
1
1
0
0
0
1
1
0
1
0
0
1
0
1
0
1
0
1
1
1
0
1
0
1
0
0
0
0
0
1
1
0
0
1
1
1
0
0
1
1
0
0
1
1
1
1
1
0
0
1
1
1
1
1
1
1
1
1
1
0
0
0
0
1
1
0
0
0
0
0
0
0
1
0
0
1
1
1
1
1
1
0
1
1
1
1
1
0
0
0
1
0
0
0
1
1
0
1
1
1
1
0
1
0
0
0
1
1
1
0
0
1
1
1
1
1
1
1
0
1
1
1
0
1
1
0
0
1
0
0
0
0
1
0
3
1
1
0
0
0
1
1
0
1
1
1
1
1
1
1
1
1
0
1
1
1
1
1
0
1
1
1
0
1
1
1
1
0
1
1
0
0
1
0
1
0
0
1
1
1
1
1
0
0
0
0
1
1
1
1
0
1
1
0
1
0
1
1
1
1
0
0
1
1
0
0
1
1
1
1
1
1
0
1
1
1
0
1
1
1
0
1
0
1
1
1
0
1
1
0
1
0
0
0
0
0
0
1
1
1
0
0
1
1
1
0
0
1
1
0
1
1
0
1
1
1
0
0
1
0
1
1
1
0
0
1
0
1
0
0
1
1
1
1
0
0
0
1
1
0
0
0
1
1
0
1
1
1
0
1
1
0
0
1
1
0
1
1
1
1
1
0
0
0
0
0
0
1
1
0
1
0
1
0
1
1
1
0
0
0
0
0
0
0
1
1
0
1
0
1
1
1
1
0
0
1
1
1
1
1
1
2
0
1
1
1
1
0
1
1
0
1
0
1
1
1
0
1
0
1
1
0
1
1
0
1
1
0
1
1
0
1
0
1
0
0
1
0
0
1
1
0
1
1
1
1
1
1
0
1
0
1
0
0
0
0
0
1
0
0
1
1
0
0
1
1
0
1
0
1
0
1
1
1
0
1
1
1
0
0
2
1
0
0
0
0
1
1
1
0
0
1
0
0
1
0
0
0
1
0
1
0
0
0
1
1
0
0
1
1
0
0
1
1
1
1
1
1
1
1
1
1
0
1
0
1
0
1
1
0
0
0
1
0
1
0
1
0
1
0
0
1
0
1
1
1
1
1
1
0
1
1
0
1
1
1
1
0
1
1
0
0
1
1
0
1
1
1
0
1
1
1
1
1
0
1
1
1
1
1
5
0
0
0
1
1
1
1
0
0
0
1
1


D3 150
191
182
174
185
169
172
169
170
166
168
170
188
159
166
175
193
164
175
171
175
178
175
168
173
178
176
159
186
179
181
172
163
192
164
171
156
177
175
169
189
174
162
177
194
164
164
165
151
174
181
166
174
187
176
169
160
225
166
177
172
169
171
176
176
171
163
172
156
166
177
171
192
158
165
178
168
172
166
174
149
167
194
172
165
168
174
171
163
178
165
165
173
174
178
167
165
175
165
153
184
168
194
173
182
149
171
177
191
172
159
154
162
171
173
158
171
156
162
161
160
173
166
175
175
162
160
175
176
176
178
167
165
188
194
166
181
166
177
167
167
174
174
183
160
149
177
177
157
165
182
150
168
171
153
180
195
158
175
167
165
173
188
174
166
170
161
167
165
166
182
191
171
177
168
160
164
178
156
169
156
172
169
195
154
172
179
176
150
168
180
181
200
156
179
178
158
177
169
168
175
160
171
196
178
164
169
171
192
150
176
181
183
190
156
181
173
172
163
176
169
166
165
164
177
192
174
181
155
165
177
159
175
177
150
186
173
171
180
163
175
181
176
174
157
188
171
181
197
193
173
176
150
168
173
184
167
165
167
181
181
173
160
176
170
169
152
179
164
177
175
214
171
173
176
196
166
166
181
191
178
171
179
186
172
156
175
174
164
160
157
180
193
157
164
176
149
166
150
155
178
169
187
180
150
182
181
189
156
165
180
150
182
189
173
180
183
175
191
195
193
156
168
175
175
180
164
172
165
164
165
152
162
148
181
160
195
165
159
166
186
185
166
164
177
182
177
193
177
159
174
190
155
186
149
176
154
168
160
179
188
169
165
241
183
176
168
168
179
177
172
179
177
152
177
176
193
175
179
163
149
181
173
154
194
174
173
158
153
166
165
177
155
178
175
165
163
166
162
186
180
181
191
165
165
182
165
192
165
174
151
165
193
190
179
158
175
177
156
161
188
171
174
193
151
167
177
176
166
156
164
182
177
164
176
154
156
162
162
179
172
173
170
151
150
175
172
168
153
189
155
179
158
187
149
168
168
167
160
161
175
151
180
192
167
176
150
166
178
161
160
157
170
170
184
179
163
186
160
188
170
157
183
164
176
179
157
196
186
159
174
195
177
164
175
168
184
176
178
169
169
171
175
173
185
174
170
211
175
181
174
169
159
169
167
172
173
167
176
161
159
160
197
165
154
178
175
172
186
168
177
192
157
182
191
168
175
149
188
164
182
163
175
176
156
156
177
179
182
166
164
163
180
172
173
178
196
168
164
178
154
170
186
164
154
166
175
181
166
180
160
179
153
164
179
151
181
168
185
162
157
196
189
166
151
167
192
190
187
166
177
172
193
175
178
158
201
190
182
164
164


D4 150
147
165
148
148
148
148
164
148
163
165
165
149
165
151
149
149
165
148
165
165
149
149
148
148
148
148
166
149
149
165
148
148
150
165
148
148
165
148
166
165
148
165
165
149
165
148
149
165
148
148
165
148
148
165
149
148
149
148
148
179
148
165
148
165
148
149
148
148
148
148
165
148
165
149
148
149
148
148
165
148
166
165
165
148
149
151
165
148
150
148
149
165
148
168
148
148
150
165
162
148
165
165
165
148
148
148
148
148
164
149
163
165
165
166
164
148
149
166
164
182
149
149
166
149
149
165
150
163
165
165
164
165
150
179
165
165
149
165
148
165
151
167
149
149
149
149
148
164
165
151
165
165
149
148
148
165
165
148
165
148
148
182
148
148
149
149
165
165
165
148
150
148
148
148
148
148
165
148
148
148
148
165
148
148
163
148
150
165
165
164
150
150
165
148
148
148
148
165
167
149
149
162
165
165
148
164
148
165
165
148
165
146
150
165
166
150
149
148
168
165
148
161
148
165
165
148
148
148
148
148
165
148
165
165
148
165
165
165
148
166
166
150
163
164
150
166
165
165
165
149
148
148
149
149
151
165
149
148
163
164
160
166
148
149
165
148
148
165
148
164
163
165
150
165
149
166
149
149
164
165
148
163
152
150
148
149
164
148
148
182
148
165
150
148
164
179
148
148
148
148
165
150
148
165
165
150
148
164
164
167
148
165
164
148
148
150
148
149
165
150
148
148
165
148
148
148
149
148
148
165
148
148
148
148
149
148
165
165
165
145
148
165
148
164
148
149
150
148
165
144
166
147
163
148
165
165
148
166
165
150
148
166
160
149
164
165
149
150
149
179
165
165
150
166
148
165
167
166
165
165
149
150
148
164
148
148
148
148
165
165
151
148
165
165
148
165
148
165
150
149
149
150
165
148
149
148
180
149
163
148
148
150
149
165
165
148
148
182
149
150
149
149
148
148
149
165
149
148
148
149
150
148
165
149
148
165
165
165
163
181
149
167
150
163
163
149
151
148
150
181
148
165
165
148
165
165
148
161
182
164
148
165
149
164
148
148
164
166
165
165
164
165
148
165
165
164
148
148
149
149
163
180
148
166
149
148
150
145
149
165
165
149
163
166
149
150
148
145
172
149
164
168
149
163
164
167
180
148
148
148
167
166
148
148
148
164
164
148
179
165
148
148
165
148
165
165
180
165
166
148
149
148
165
150
165
149
148
149
166
166
177
166
148
148
164
149
164
148
149
148
165
150
148
149
165
149
168
166
165
148
165
149
148
180
148
148
150
165
149
165
148
163
149
149
148
148
148
165
148
165
149
150
148
165
165
148
165
163
165
164
148
166
148
150
163
148
150
148
149
149


D1 400
1
1
1
1
1
1
0
1
1
1
1
1
0
1
1
1
1
0
1
0
1
1
0
1
1
1
1
1
1
1
0
0
1
1
1
0
1
1
0
1
1
0
1
1
0
1
1
1
0
0
1
1
1
1
1
1
1
1
0
1
1
1
1
1
1
0
1
0
1
0
1
1
1
1
1
0
0
1
0
1
1
1
0
0
0
0
1
1
1
0
1
0
1
1
1
1
1
1
1
1
1
1
0
1
1
1
0
1
1
0
0
0
1
1
1
1
1
0
1
0
1
1
1
0
1
1
1
1
0
1
1
0
1
1
1
1
1
1
1
1
1
1
1
0
1
1
1
0
1
0
1
1
1
0
0
1
1
1
1
0
1
1
1
1
1
1
1
1
1
1
1
1
1
1
1
1
0
1
1
1
0
1
1
1
1
1
0
1
1
1
1
2
1
1
1
0
1
1
1
0
1
2
1
0
0
0
1
1
1
1
1
1
0
1
1
0
0
0
1
1
0
1
1
1
1
0
1
1
1
1
1
0
1
0
1
1
1
1
1
1
1
1
1
0
0
1
0
1
0
0
0
1
1
1
0
1
1
0
1
1
0
1
1
0
1
0
1
1
1
1
2
0
1
1
1
1
1
0
1
1
1
1
1
1
1
0
1
1
0
0
1
0
0
0
0
1
1
0
1
1
1
1
1
1
1
1
1
1
0
1
1
1
0
0
1
1
1
1
0
1
1
1
1
1
1
1
1
0
1
2
0
1
1
0
0
1
1
1
1
1
1
1
1
0
1
0
1
1
0
1
1
0
0
0
1
1
1
1
1
1
0
0
0
1
1
0
1
1
1
1
1
1
0
0
1
1
0
1
1
1
1
1
1
1
1
0
1
1
0
0
0
1
0
0
1
1
1
1
2
1
1
1
1
1
1
1
1
1
1
1
1
1
1
0
0
1
1
1
1
1
1
1
1
1
1
1
1
0
1
1
1
1
1
1
0
1
1
1
1
0
1
1
0
1
0
1
1
1
0
1
0
1
1
1
1
0
1
1
1
1
1
1
1
0
0
0
0
2
0
1
0
1
1
1
0
0
1
1
0
1
1
1
0
1
1
1
1
1
1
1
1
1
1
0
1
1
1
1
0
1
0
0
1
1
1
1
1
1
0
1
1
0
1
0
1
0
0
0
1
1
0
1
0
1
1
1
1
1
0
0
0
1
1
1
1
1
1
1
1
0
1
1
1
1
1
1
1
1
0
1
1
0
1
1
1
1
1
0
1
1
1
1
1
1
1
1
1
0
1
0
1
0
1
1
1
1
0
1
0
1
0
1
0
1
1
1
1
1
0
2
1
1
1
1
1
0
1
1
1
0


D2 400
1
0
1
1
0
1
1
1
1
1
1
1
1
1
1
1
1
1
1
1
1
1
1
1
1
1
1
1
1
1
1
1
1
0
1
1
0
1
1
1
1
1
1
0
1
1
1
1
1
0
0
1
1
0
1
0
1
1
1
1
1
0
1
1
0
1
1
0
1
1
1
0
0
0
1
1
1
1
1
1
1
1
1
0
1
0
1
0
1
0
1
1
1
1
1
0
1
1
0
1
0
1
0
1
1
0
1
1
0
1
0
0
0
0
1
1
1
1
1
1
0
1
1
0
1
0
0
0
1
1
1
1
1
1
1
0
0
1
1
0
0
1
1
0
1
1
1
0
1
0
1
1
0
1
1
1
1
1
1
0
1
1
1
0
1
0
1
0
1
1
1
1
1
1
1
1
1
1
1
1
1
1
0
1
0
0
1
1
1
1
0
1
0
0
1
0
1
1
1
1
0
0
1
1
1
1
1
0
1
1
0
0
1
1
0
1
1
0
1
1
1
1
1
0
1
1
1
1
0
1
0
1
1
1
0
1
0
1
1
1
0
0
1
1
1
1
0
1
0
1
1
1
1
1
1
0
1
1
1
1
0
1
0
0
0
0
2
1
1
1
1
1
1
1
0
0
1
1
1
0
0
0
1
1
0
1
0
0
1
1
0
1
1
0
1
0
0
1
0
0
1
1
1
1
1
1
0
0
1
1
1
1
0
1
1
1
1
1
0
1
1
1
0
1
1
1
1
1
1
0
0
1
0
0
1
1
1
1
1
1
1
0
1
0
1
1
1
0
1
1
1
1
1
1
1
1
0
1
1
1
1
1
1
1
0
0
0
0
0
1
0
1
1
1
1
1
1
1
1
1
1
1
1
1
1
1
1
1
1
1
1
1
1
1
1
1
1
1
0
1
1
1
1
1
1
0
0
1
1
0
0
0
1
0
0
1
1
1
0
1
1
1
0
1
1
0
0
1
1
1
0
1
1
0
1
1
1
1
0
1
0
1
1
1
0
1
1
1
0
1
1
1
1
1
0
0
1
1
1
1
1
1
1
0
1
1
1
0
1
1
0
1
1
1
1
0
1
1
0
1
1
1
1
1
1
1
1
1
1
0
1
1
0
1
0
0
0
1
1
1
1
1
1
0
0
0
1
0
1
0
1
0
1
0
1
0
0
1
1
1
1
1
1
1
1
1
1
1
0
1
1
0
1
1
0
1
0
0
1
0
1
1
1
1
1
1
1
0
0
1
1
1
1
0
1
1
0
1
1
0
0
1
0
1
1
0
0
1
1
1
1
1
1
1
1
1
0
1
1
1
0
1
1
1
0
1
1
0
1
1
1
1
1
1
1
1
1
1
1
0


D3 400
396
413
422
399
418
403
399
416
429
399
418
420
403
414
406
426
428
402
420
423
427
423
399
421
427
424
403
400
428
412
419
427
407
428
418
417
409
423
399
401
420
426
423
426
428
427
413
416
418
411
428
422
415
422
397
424
419
413
421
417
418
419
420
404
418
428
418
403
411
422
402
405
418
430
425
415
404
411
421
412
397
408
400
429
413
404
433
427
426
428
414
418
423
411
399
412
403
412
415
397
412
406
413
411
413
400
423
404
401
436
415
409
403
403
401
418
403
426
405
424
418
413
409
420
409
422
405
405
404
426
414
428
417
405
396
412
414
421
397
415
405
406
410
421
397
425
420
416
399
415
397
397
418
398
412
425
419
421
431
412
416
419
421
413
417
408
430
428
397
429
402
415
404
415
420
411
424
401
417
401
419
418
411
432
400
426
420
413
413
427
397
416
420
408
422
420
407
414
417
419
408
418
408
425
411
413
418
420
413
405
412
444
402
419
410
419
399
410
408
417
425
428
411
423
405
419
428
400
412
406
421
403
423
397
415
403
418
427
410
405
430
423
407
421
417
402
411
410
435
403
405
397
415
418
398
399
413
428
408
412
421
426
407
401
399
413
425
409
423
405
425
415
405
423
410
430
397
428
421
409
416
426
403
421
402
403
420
411
404
402
409
417
403
412
420
411
399
397
418
406
416
402
410
397
410
397
403
437
427
429
399
429
402
419
426
415
421
405
424
423
402
414
402
405
410
411
418
428
410
412
399
410
410
396
405
408
411
405
412
414
415
411
410
407
413
420
409
441
421
421
419
401
398
397
404
400
414
406
410
433
414
429
400
397
422
402
416
427
439
418
445
409
416
407
406
408
424
409
425
413
411
419
417
425
420
418
402
415
412
427
426
400
404
437
412
410
427
427
416
410
430
405
412
413
429
445
401
429
417
398
427
425
403
409
421
402
406
403
407
436
418
419
409
398
429
423
422
414
403
426
414
405
411
437
400
418
425
409
423
419
402
401
413
412
419
419
416
399
422
402
425
405
415
429
415
397
412
405
408
438
414
409
422
414
422
413
411
410
406
422
435
418
417
414
409
427
401
411
403
433
401
430
410
407
408
421
428
412
420
455
425
426
411
417
416
416
405
425
430
404
403
423
439
428
422
434
430
421
422
409
414
405
432
396
420
415
413
422
408
424
404
425
428
400
425
419
400
399
398
406
420
404
428
404
398
403
430
402
430
426
423
422
421
404
416
421
422
413
414
427
427
428
419
434
423
409
400
428
406
401
400
401
426
415
429
407
428
411
410
402
426
416
409
426
398
410
414
398
409
403
427
402
412
398
416
438
403
401
412
424
417
407
403
426
424
429
402
429
428
426


D4 400
416
416
414
416
415
416
416
416
416
417
399
416
399
416
399
399
431
416
399
415
416
416
400
416
416
399
416
400
416
400
431
417
400
416
417
416
399
416
416
416
417
416
416
417
414
399
416
399
416
399
399
399
401
414
399
416
416
399
417
416
416
399
417
416
416
399
416
414
399
416
400
416
399
399
399
416
416
400
416
400
399
431
399
399
416
399
417
399
416
399
415
400
416
400
415
414
400
400
417
416
399
399
421
399
414
399
399
400
399
400
416
399
413
399
416
399
416
399
431
416
415
416
416
416
400
401
416
399
416
400
416
416
416
416
416
399
416
416
416
399
415
415
416
416
416
417
400
399
415
399
399
416
399
416
416
431
416
416
417
399
400
399
416
399
416
399
416
416
417
414
416
416
400
416
415
400
400
399
414
416
416
413
399
416
416
399
400
400
399
417
399
399
414
399
399
399
416
416
400
415
415
416
416
400
399
418
414
416
416
416
399
399
416
416
400
431
399
399
399
399
401
416
400
416
416
399
400
416
416
414
400
416
400
416
400
399
416
416
399
399
415
417
399
414
399
399
416
415
416
400
395
399
415
416
415
415
399
399
416
399
415
416
399
399
399
401
430
417
416
399
399
399
416
416
416
414
399
416
400
416
400
416
399
400
399
399
399
399
416
414
399
399
416
399
416
399
416
399
399
399
400
399
399
414
416
399
399
399
416
416
399
416
400
416
416
400
400
414
415
402
417
416
399
416
416
399
431
416
400
398
399
414
399
399
416
399
416
416
416
418
415
416
399
399
417
400
399
400
417
400
399
416
399
400
414
399
416
399
414
400
416
400
399
431
416
399
416
416
400
416
415
416
399
416
399
400
416
414
433
399
400
416
416
416
416
400
399
399
399
416
416
431
416
417
416
416
399
400
416
416
415
399
415
399
416
399
416
399
416
400
399
399
416
399
414
399
416
399
398
400
416
416
399
414
416
416
416
416
414
414
416
416
416
416
417
416
399
431
399
399
399
399
399
399
399
415
416
416
399
399
416
431
416
416
416
399
416
417
399
416
399
400
399
416
400
414
416
412
399
415
399
399
416
400
399
416
400
412
433
400
399
417
415
416
400
416
400
400
431
399
415
416
399
416
399
414
399
429
419
414
414
415
416
400
418
416
400
407
407
416
417
414
400
401
415
418
402
416
399
416
415
399
399
399
416
416
399
416
399
416
399
399
416
399
414
416
399
399
400
416
416
417
399
399
419
414
431
414
414
416
416
416
416
415
416
399
399
414
399
399
399
399
399
416
416
399
416
399
399
416
400
414
400
416
399
400
399
400
415
400
430
416
416
400
399
416
399
399
416
416
416
416
415
400
415
416
399
400
416
399


D1 1000
1
0
1
1
2
1
0
0
1
1
1
1
2
1
1
1
1
2
2
1
1
1
1
1
1
1
1
1
3
2
2
2
1
2
1
2
1
3
2
2
2
2
2
2
1
1
1
1
2
2
0
8
1
1
1
2
3
2
2
2
1
1
1
1
1
1
1
2
3
1
1
2
2
1
0
1
1
1
4
2
1
1
1
1
1
2
2
2
2
2
1
1
1
2
3
4
0
1
1
1
1
1
0
0
1
0
1
2
1
1
1
1
1
1
1
1
1
1
2
2
3
3
2
2
2
1
2
1
1
0
1
2
1
2
2
3
2
2
2
3
3
3
1
1
3
4
2
2
3
1
1
2
1
1
1
0
1
1
1
1
1
2
1
1
1
1
1
3
1
2
4
2
0
1
1
1
2
3
2
1
1
1
0
1
1
2
2
2
3
3
2
2
3
4
2
2
2
2
1
1
0
1
1
2
2
1
1
2
2
2
2
2
2
2
2
3
2
2
2
2
2
2
2
3
2
2
1
0
1
1
1
1
0
1
1
2
1
1
1
2
2
1
1
1
2
2
2
2
2
2
1
3
1
1
1
2
1
0
1
1
1
1
1
1
1
1
1
0
0
1
1
2
2
1
1
1
2
0
2
3
2
4
2
2
3
2
2
1
2
2
3
2
1
1
1
3
0
0
1
1
1
1
1
1
0
1
2
2
2
1
2
2
2
2
2
0
1
1
1
1
1
2
0
1
1
1
1
2
2
1
1
1
1
1
2
2
2
1
2
2
1
1
2
2
2
2
2
2
2
2
2
1
1
0
0
2
1
2
2
1
1
1
1
1
2
2
2
2
1
1
0
1
1
2
1
0
1
2
2
1
2
2
2
3
2
2
2
1
2
0
2
3
2
2
2
2
2
2
2
2
0
1
1
2
1
1
1
1
1
3
3
2
2
2
2
2
3
2
3
2
2
0
1
2
3
2
2
2
1
1
1
1
1
1
1
1
0
1
2
4
1
1
0
3
2
2
3
1
1
0
0
2
2
3
2
0
1
1
0
1
1
1
2
4
2
2
2
2
2
3
2
3
3
2
2
2
4
4
2
0
1
0
0
1
1
2
2
1
1
1
1
1
0
2
2
3
3
1
0
0
6
1
0
1
1
3
1
1
1
0
1
1
1
1
1
1
2
1
1
1
2
2
1
1
1
1
4
0
1
0
2
2
3
2
2
3
2
2
3
1
1
1
1
2
1
1
2
2
1
1
1
2
2
3
3
3
4
1
2
2
2
2
3
2
2
2
2
2
2
2
2
2
2
3
2
2
2
2
2
3
2
2
2
3
3
5
1
1
1
1
1
2
1
1
1
1
1
1
2
2


D2 1000
1
1
1
1
0
1
0
1
1
1
1
1
1
1
1
1
1
0
1
1
1
0
1
1
1
1
0
1
1
1
1
0
2
1
1
1
0
1
1
1
0
1
0
1
0
1
2
0
1
2
0
1
0
1
1
1
1
0
0
1
1
1
2
0
1
1
0
0
2
1
0
0
1
1
1
1
0
0
1
1
1
1
1
0
1
1
1
1
0
1
1
2
0
1
1
1
0
1
1
0
1
1
1
1
0
1
1
1
1
1
2
1
1
1
1
0
0
2
1
0
1
1
1
1
1
1
1
0
2
0
1
1
2
0
1
0
0
1
1
0
1
1
1
3
1
1
1
2
1
1
1
2
1
0
1
1
1
1
2
1
0
1
2
1
2
1
1
1
0
1
0
2
1
2
2
1
1
0
1
1
1
2
1
1
1
1
1
1
1
0
1
1
1
0
1
1
0
1
0
1
0
1
1
0
1
0
2
1
1
1
1
1
1
0
1
1
0
0
1
1
1
1
0
1
0
1
1
0
0
1
0
1
2
1
1
1
1
1
1
1
1
2
1
1
0
1
0
0
2
0
1
2
1
0
0
1
1
1
1
1
0
0
1
1
1
2
1
1
1
0
0
1
1
2
1
0
0
0
1
0
1
1
2
1
2
1
1
1
0
0
1
1
0
0
1
1
1
1
1
1
1
1
1
1
0
0
1
1
0
0
2
1
0
1
0
1
1
2
0
1
1
0
0
1
0
0
1
0
2
1
1
1
0
0
1
1
1
0
1
0
1
2
1
1
1
2
0
0
1
1
2
0
1
1
2
1
1
1
1
0
1
1
2
1
1
1
1
0
3
0
2
0
1
1
1
1
0
1
1
1
0
0
1
1
1
0
0
1
0
1
0
1
1
1
1
1
1
0
1
1
1
0
1
1
1
0
1
0
1
1
1
0
1
1
1
1
1
1
1
1
0
0
1
1
0
0
1
2
0
0
1
2
1
0
1
1
0
1
1
1
1
1
1
1
1
0
1
1
0
1
0
1
0
0
0
1
1
1
1
0
2
1
0
1
2
0
2
2
1
1
1
2
0
0
0
1
1
0
1
1
1
1
1
1
1
1
1
1
0
0
1
1
1
0
0
1
1
1
0
2
1
0
0
0
0
0
1
1
1
0
2
0
2
0
2
1
0
0
1
1
1
1
1
2
1
1
2
1
0
0
1
1
2
0
0
1
2
2
1
2
1
1
2
0
2
0
1
0
2
0
1
1
2
1
0
1
1
1
1
1
1
1
1
1
1
1
1
0
2
1
1
1
1
0
1
1
1
1
0
0
1
1
0
1
1
1
1
2
2
0
0
1
1
1
3
1
1
1
0
1


D3 1000
1014
996
1006
1017
1003
1019
1017
1001
998
1018
1002
1004
1004
1018
1022
1027
1012
1004
1021
1040
1013
1025
1002
1023
1011
1040
1007
1001
1045
1029
1002
1028
1008
1030
1002
1019
1011
1024
1017
1019
1005
1028
1024
1027
1012
1027
998
1016
1002
1013
998
1037
1017
1022
998
1009
1036
1014
1024
1019
1018
1018
1006
1008
1020
1045
1002
1004
1013
1025
1036
1006
1020
1015
1027
998
1020
1013
1024
1031
1012
1026
1022
999
1030
1003
1000
1013
1043
1011
1030
1019
1005
1027
1031
1012
1004
1030
1034
1015
1014
1006
1005
1028
1015
1000
1025
1022
1018
1021
1000
1011
1036
1021
1019
1004
1004
1010
1024
1024
1020
1030
1008
1006
1012
1024
1005
1006
1008
1028
998
1012
1001
1008
1015
1045
1000
1007
998
1048
1022
1024
1014
1007
1048
1007
1005
1001
1001
1000
1014
1015
1003
1035
1012
1009
1020
1025
1014
1029
1003
1007
1023
998
1001
1010
999
1046
1014
1011
1005
1000
1020
999
1006
1029
1041
1002
1000
1004
1021
1016
1007
1001
1004
1028
1039
1029
1014
1012
1048
1016
1002
1027
1008
1020
1007
1000
1018
1005
1007
1001
1026
1011
1028
999
1003
1022
1032
1022
1012
1012
1004
1020
1028
1004
1001
1012
1025
1000
1013
1028
1014
1024
1023
1020
1030
1016
1013
1021
1025
1006
1039
1015
1016
1005
1002
1028
1027
1007
1016
1024
1022
1003
1003
1004
1045
1011
1020
1007
1024
1015
1000
1022
1000
1031
1029
998
1010
1013
1020
1009
1009
1003
1016
998
1008
1026
1024
1038
1025
1017
1008
1007
1011
1030
1013
997
1037
1027
1002
1011
1005
1037
1019
1005
1003
1027
1005
1034
1011
1003
1019
1012
1008
1013
1016
1014
1002
1026
1019
1019
1026
1014
1012
998
1037
1005
1013
1031
1031
1013
1018
1004
1029
1032
1005
1023
1009
1012
1020
1017
1003
1008
1011
1027
1017
1013
1012
1030
1017
1009
1029
997
1023
1024
1011
1007
1030
1001
1000
1020
1012
1024
1013
1005
1028
1027
1021
1005
1021
1004
1015
1013
1020
1003
1001
1021
1043
1002
1015
1015
1016
1014
1005
1001
1032
1009
1020
1022
1011
1025
1002
1009
1008
1022
1025
1026
1010
998
1027
1002
1002
1026
1022
1002
1020
1017
1000
1045
1010
1018
1007
1006
1029
1027
1012
1012
1017
1027
1012
1006
1013
1028
1012
1030
1001
1015
1015
1016
1029
1009
1019
1010
1004
1004
1009
1020
1007
1004
1020
1004
1024
1016
1015
1010
1021
1013
1021
1029
998
1022
1029
1023
1003
1036
1008
1043
1008
1002
1019
1017
1015
1014
1020
1018
1001
1018
1024
1018
1026
1020
1018
1032
1031
998
997
1010
1009
1006
1014
1010
1008
1014
1004
1014
1013
1009
1024
1006
1021
1020
1019
1032
1026
1011
1003
1026
1002
1001
1037
998
1044
1025
1009
1023
1012
1028
1004
1025
1028
1042
1010
1002
1018
1016
1022
1010
1032
1000
1034
1006
1021
1016
1008
1034
1008
1023
1016
1023
996
1021
1017
1000
1021
1003
1033
1024
1026
1004
1021
1027
1030
1018
1025
1005
1004
1001
1032
1024
1022
1023
1012
1021
1015
1004
1015
1019
1014
1011
1027
1026
1003
1006
1003
1007
1038
1013
1014
1011
1028
1012
1003
1003
1009
1028
1015
1011
1008
1003
1000
1001
1029
1017
1015
1023
1012
1013
1012
1019
1010
1000
1012
1029
1014
1026
1032
999
1026
1021
1012
1005
1015
1015
1014
1009
1005
1003
1028
1008
1020
1009
1021
1011
1009
1050
1003
1029
1012
1011


D4 1000
1000
1000
1016
1033
1018
1004
999
1000
1016
1015
1021
1000
1000
1016
1000
1000
1000
1000
1015
1000
1015
1016
1000
1016
1000
1001
999
1015
1017
1017
1000
1001
1016
1000
1000
1001
1000
1016
1000
1004
1016
1015
1016
1000
1004
1000
1032
999
1000
1001
999
1017
1014
1000
1000
1015
1000
1021
1000
1004
1032
1000
1016
998
1014
1000
1021
999
1001
1032
1016
999
1015
1004
1003
1017
1016
1000
1003
1005
1004
1004
1010
1014
1017
1000
1001
1000
1000
1000
999
1002
1000
1004
1004
1000
1000
1002
1017
1003
1004
1015
1000
1000
1019
1015
1003
1000
1004
1017
1020
1019
1017
1000
1001
1014
999
1017
1017
1001
1003
1004
1016
1016
1000
1016
1018
999
1001
1014
1000
1000
1000
999
1016
1017
1016
1015
1015
999
1000
1000
1000
1016
1017
1000
1000
1001
1015
1000
1000
1001
1019
1014
1021
1016
1000
1014
1001
1017
1017
1000
1014
1021
1018
1000
1032
1000
1005
1004
1000
1016
1000
1001
1018
1015
1000
999
1017
1000
1017
1034
1002
1000
1000
1003
1017
1006
1000
1019
1000
1000
1000
1004
1015
1016
1021
1016
1018
1031
1015
1000
1004
1019
1000
1000
1017
1000
1032
1000
1015
1000
999
1014
1003
1017
999
1019
1017
1000
999
1000
1013
1017
999
1005
1015
1000
999
1018
1003
1017
999
1000
1004
1017
1030
999
1001
1000
1015
1015
1017
1000
999
1015
1016
1000
1001
1000
1017
1001
1000
997
1015
1004
1018
999
1000
1032
999
1000
1017
1015
1004
1001
1000
1018
1014
1017
1001
1021
1000
1001
1000
1017
1016
1016
1000
1018
1016
1000
1016
1000
1001
1000
1019
1004
1016
1018
1021
1019
1018
1000
1000
1000
1015
1000
1000
1005
1002
1000
1004
1020
1007
1015
1000
1000
1000
999
1005
1004
1001
1016
1001
1017
1000
1001
1022
1014
1000
1014
1000
1000
1021
1001
1001
1021
1020
1000
1002
1000
1004
1015
1017
1005
1000
1016
1000
999
1000
1027
1032
1016
1016
1001
1003
1014
1001
1000
1001
1015
1000
1000
1016
1017
1018
1015
1016
1017
1004
1004
1003
1004
1017
1015
1004
999
1000
999
1020
999
1017
1019
1031
1000
1016
1000
1000
1015
1017
1000
1016
1004
1000
1000
1014
1002
1014
1000
1000
1000
1000
1031
1000
1017
1000
1000
999
1005
1004
1000
1020
1000
1000
999
1000
1014
1004
1000
1015
1020
1000
1001
1000
1000
1015
1005
1000
1000
1000
1030
1004
1000
1000
1014
1017
1016
1002
1016
1019
1001
1000
999
1000
1000
1000
1015
1000
999
1015
1000
1000
1000
1032
1002
1000
1019
998
1004
1004
1001
1001
1000
1016
1000
1021
1000
1030
999
1001
1000
1014
1000
1018
1000
1001
1016
1016
1000
1002
1001
998
999
1004
1014
1015
999
1000
1000
1016
1019
1001
1000
1015
1015
1000
1001
1000
1013
1003
1000
999
1017
1014
1000
1000
1016
1003
1018
1000
1007
1000
1000
1030
1019
1014
1002
1014
1017
1017
1000
1000
1013
1001
1017
1016
1032
1014
1000
1000
1004
1015
1000
1016
1000
1001
1015
1017
1004
1000
1001
1001
1015
1000
1000
1020
1017
1000
1006
998
1014
1017
998
1017
1030
1017
1016
1015
1000
1015
1015
1001
1000
1018
1005
1000
1016
1000
1017
1000
1000
1004
1000
1032
1015
1000
1000
1033
1016
1000
1016
1000
1002
1000
1006
1017
1017
1016
1001
1000
1000
1016
1000
1004
1015
1000
1016
1018
1000
1002
1020
1002
1021
1017
1000
1015
1000
1016
1000