D4 1000
1015
1000
1000
999
1000
1015
1000
1004
1001
999
1015
1009
1000
1001
1015
1000
1000
1000
1000
1016
1000
1001
1000
1000
998
1000
999
999
999
1021
1000
1000
999
1000
999
1001
1002
1001
1000
999
1001
1004
1003
1014
1000
1001
999
1000
1018
1000
1001
1000
999
1015
999
1001
1001
1015
1000
1001
1000
1001
1014
1000
1000
1000
1000
1019
1001
1000
999
1017
1016
1000
1000
1001
1000
1015
1016
1000
999
1015
1002
1000
1000
1000
998
1000
999
1000
999
1000
1017
1004
999
1000
999
1000
1000
1000
1013
1000
1000
1000
1014
1019
1001
1015
1001
1000
1002
1001
1000
1000
1004
1014
1000
1021
1001
1012
1014
1001
1000
1000
1013
1000
1000
1015
1000
1013
1001
1001
1000
999
1017
1000
1000
999
1001
1001
1001
1000
1000
999
1000
1000
1000
1004
1000
1000
1021
1002
999
1002
999
1001
1000
1000
999
999
1017
1000
1002
1000
1000
1006
1004
1014
1000
999
1002
1000
1015
1004
1000
1005
1005
1003
1003
1000
999
998
1003
1004
1002
1001
1014
1000
1017
1000
1000
1013
1000
1000
1000
1000
1003
1004
1000
999
999
999
1000
999
999
1013
1001
999
999
1016
1014
1000
1004
999
1000
1013
1000
1001
1016
1000
999
1002
1000
999
1014
1000
1000
998
1000
1015
1000
1003
1001
1000
1013
1000
1001
1002
1000
1018
999
1000
1001
1013
999
1002
1004
999
1000
999
1001
1002
1000
1020
1001
1000
1004
1002
1019
999
999
1000
1019
1001
999
1001
1000
1002
1000
1000
1000
1000
999
1000
1000
1002
1000
1019
1000
998
1000
1000
998
999
1000
1004
1015
999
999
1000
1003
1002
1004
1001
999
1000
998
1017
1000
1000
998
1017
1000
1000
1000
1013
1000
999
1000
1001
1015
1000
1001
1005
1001
1016
1003
999
1005
1000
1015
1003
1000
1000
1019
1001
1002
1000
999
1014
999
999
1000
1000
1013
1000
999
1000
1002
1015
1000
1019
1016
1020
1001
1001
1001
1000
1017
1000
1000
1000
1017
1014
1016
1000
1000
999
1015
1000
1000
1000
999
1000
999
1000
1000
1019
1002
1000
1003
1000
1014
999
1000
999
1002
1019
1002
999
999
999
1015
1016
1001
1000
1019
999
1002
1000
999
998
1000
999
998
1006
1015
1002
1004
999
1000
998
1000
1001
1000
1013
1001
1017
1000
1000
1017
1000
999
1005
1000
998
999
1016
1003
1002
999
1001
1003
1000
999
1000
1004
999
1004
1013
1000
1000
1000
1000
1012
1001
1000
999
1002
1012
1000
1001
1021
1000
1001
1000
1000
1000
1012
1000
999
1000
1000
1015
1000
1000
1000
999
1014
999
999
1000
1015
1000
1004
1000
1015
1021
1000
1000
1000
1000
999
1002
1000
1000
1000
1001
999
1016
1000
1013
1015
1000
1003
1000
1014
1003
1004
999
1000
999
1006
999
1000
1000
1013
1001
1000
1001
1019
1002
1000
999
1017
1001
1000
999
1016
999
1003
1000
1002
1000
1001
1001
1005
1003
1000
1014
1003
1000
999
1000
999
1000
1000
1000
1001
998
999
1000
999
1000
1015
1000
1018
1000
1003
999
1000
1000
1000
1001
1001
1001
1000
1000
1012
1000
1000
1000
999
1016
1003
1001
999
999
1000
1000
1000
1000
1019
1000
1000
1000
999
1019
999
1017
1000
1000
1013
1000
1000
1015
1004
999
1000
1001
1004
1013
1000
1000
1000
1000
1013
1000
1001
1001
1001
1015
1005
1000
1000
1000
1017
1001
1005
1000