D3 400
388
400
395
404
397
390
389
402
404
403
394
391
397
402
392
398
392
399
402
403
392
402
390
415
390
396
396
389
413
392
397
397
388
400
402
391
400
394
414
391
392
393
400
405
402
389
390
401
409
393
391
396
404
405
402
391
397
392
401
395
400
392
388
413
387
389
402
391
411
391
389
399
389
416
390
394
403
387
409
395
397
402
403
406
396
399
390
403
409
400
399
390
393
410
404
389
396
395
402
402
391
402
395
403
401
388
399
396
402
392
399
396
390
401
389
391
389
397
411
402
401
401
390
402
399
390
393
396
402
396
387
399
398
401
398
389
398
399
400
399
402
389
389
403
398
390
393
398
408
390
388
400
386
407
403
388
399
394
408
394
399
389
391
399
389
391
397
404
412
404
391
399
400
413
388
393
400
398
415
386
392
390
396
404
394
394
388
392
413
393
397
389
391
403
399
398
393
403
409
400
388
401
402
406
393
403
395
394
414
402
403
389
393
400
400
388
387
392
406
389
400
387
402
416
391
398
392
394
403
391
401
403
401
403
387
391
396
388
414
401
397
398
395
407
390
391
390
394
404
393
387
402
395
415
397
394
399
403
406
391
398
396
402
405
396
397
390
393
407
395
390
388
392
408
395
404
390
397
417
398
403
400
388
409
396
403
388
402
407
400
399
395
401
403
390
392
402
402
403
399
393
393
396
408
393
391
399
402
411
392
400
402
393
405
403
398
390
389
401
393
390
393
394
402
387
401
398
401
402
393
401
398
400
403
400
389
402
392
399
397
395
392
395
414
395
388
401
399
412
401
403
388
390
416
402
391
401
402
411
404
388
396
391
411
394
400
389
400
406
394
398
390
394
403
391
395
404
399
402
394
390
395
390
405
390
392
395
395
414
393
392
390
391
411
394
390
397
393
406
393
403
393
394
416
389
388
402
399
411
397
389
399
392
399
390
402
389
400
405
389
402
391
399
409
400
391
400
396
414
390
392
402
386
406
396
401
404
401
415
387
391
394
402
414
389
398
389
387
404
396
402
391
388
403
385
402
397
397
402
404
387
398
390
399
398
396
392
401
408
400
394
392
391
402
402
401
393
392
405
394
394
399
401
416
390
394
395
396
405
395
392
400
400
413
389
394
392
399
402
394
389
391
397
401
401
398
393
393
412
397
390
390
392
403
400
396
392
393
407
393
400
390
403
414
391
400
389
393
413
403
393
393
399
412
398
400
398
392
417
395
388
398
392
402
394
397
392
387
405
394
402
395
397
402
388
393
400
402
411
402
398
388
400
412
393
389
398
391
413
390
397
390
401
408
403
393
401
394
413
390
403
402
403
409
404
393
399
400
413
394
394
391
399
404
392
393
403
390
407
393