D1 150
8
1
2
4
2
2
2
2
4
1
2
2
2
1
2
1
1
2
2
2
3
4
2
1
2
2
2
4
1
2
2
3
2
2
1
2
1
2
2
1
2
1
2
2
3
2
2
3
2
1
2
3
2
2
2
2
1
1
2
2
1
2
3
2
2
2
4
2
3
3
2
2
2
3
2
2
2
4
2
2
1
1
3
3
4
3
1
2
2
2
2
1
1
2
2
1
2
2
1
2
2
1
1
3
3
1
1
1
2
2
2
2
3
3
2
2
2
4
1
3
3
5
2
3
2
5
1
2
1
4
1
1
2
5
2
2
2
2
1
2
1
1
3
1
2
2
2
2
2
1
2
1
2
1
2
2
5
1
1
1
1
2
2
2
2
2
3
2
1
1
2
2
2
2
2
2
3
2
2
1
3
2
1
1
2
2
2
1
2
1
2
1
1
1
2
3
2
3
2
1
1
2
2
2
1
2
2
2
3
2
2
2
2
1
2
1
2
3
1
2
2
4
2
2
2
2
1
1
2
5
2
10
2
2
2
2
1
2
2
2
1
6
1
2
2
1
1
3
2
2
2
5
2
1
1
2
2
1
3
2
2
2
2
1
2
2
2
1
2
1
5
2
2
1
2
1
1
1
2
2
1
1
1
1
2
1
2
1
1
3
5
2
5
3
1
1
2
2
3
2
4
5
1
1
2
3
1
2
2
2
2
2
2
2
2
2
2
1
2
2
3
2
4
2
2
5
2
1
4
2
1
2
2
1
2
2
2
2
1
1
2
2
2
2
3
3
2
1
1
1
2
2
1
2
1
1
2
3
2
4
1
3
1
2
5
2
2
2
2
5
2
2
6
2
2
1
2
3
5
8
2
2
1
1
2
5
5
2
1
1
2
2
2
3
1
2
4
4
3
3
2
1
2
1
2
3
4
2
2
2
1
1
2
2
2
2
2
1
1
2
2
1
3
4
2
2
2
2
2
1
1
2
2
2
2
2
1
1
3
2
1
2
1
1
1
1
1
1
2
1
3
1
2
2
2
2
2
2
2
1
3
2
1
4
2
3
2
2
1
2
2
2
1
2
1
1
3
1
2
1
2
2
1
2
4
3
2
2
3
2
2
3
3
2
1
1
1
2
5
1
3
2
2
4
1
4
1
3
2
2
2
3
2
1
1
1
2
1
2
2
1
2
1
3
1
2
1
5
1
2
2
2
5
2
2
3
2
1
2
2
4
1
1
2
3
2
3
1
2
2
1
2
2
2
1
1
1
3
3
1
1
4
2
3
1
2
2
2
2
1
1
1
2
2
3
3
3
3
1
2
1
2
3
1
1
2
2
1
3
3
1
5
5
2
4
1
1
1
2
2


D2 150
1
1
1
1
1
0
1
1
1
0
1
0
1
1
1
1
1
1
1
1
1
0
0
1
1
1
0
1
0
0
1
1
1
1
1
1
0
1
0
1
1
1
0
1
1
0
1
1
0
0
0
0
0
0
1
1
1
1
1
0
1
1
0
1
0
1
1
1
1
1
1
1
1
1
1
1
0
0
1
0
1
0
1
0
0
1
0
1
1
0
0
0
1
0
0
0
0
1
1
0
1
1
0
1
0
1
0
1
1
1
0
0
0
0
0
0
1
1
0
0
0
1
1
1
1
0
1
1
1
1
0
0
0
1
0
1
1
0
1
0
0
1
1
0
1
1
0
1
1
1
1
0
1
1
0
1
0
1
1
1
1
1
0
1
1
0
0
1
0
0
1
1
1
1
0
0
1
0
1
1
1
1
1
1
1
0
0
1
1
1
1
1
1
1
0
1
0
1
0
1
1
1
1
0
0
0
1
1
0
0
0
1
1
0
0
0
1
0
1
1
1
0
1
1
0
1
1
1
1
0
1
0
0
1
0
0
1
0
0
1
0
1
0
0
0
1
1
1
0
1
0
0
1
0
0
1
1
1
1
0
1
1
0
1
0
1
1
1
1
0
1
1
0
1
1
0
0
1
0
1
0
1
1
0
0
0
1
1
1
1
0
1
1
1
1
1
0
1
0
1
1
1
1
1
0
1
1
1
1
0
0
0
1
1
1
1
0
0
0
1
0
1
1
0
1
0
1
1
0
1
0
1
1
0
1
1
1
1
0
0
1
0
0
1
1
1
0
0
1
1
0
1
0
0
1
1
1
1
1
1
1
1
1
0
1
0
1
1
1
0
0
0
1
1
0
0
0
1
0
1
0
1
1
1
1
0
0
1
1
1
0
0
0
1
1
1
1
0
0
1
1
0
0
0
1
1
1
1
1
0
1
1
1
0
0
0
1
1
0
1
1
1
1
0
1
1
1
0
1
1
1
1
1
0
1
1
1
0
1
0
0
1
1
0
1
0
1
0
2
0
1
1
0
1
1
0
0
1
1
0
1
1
0
1
0
1
1
1
1
0
1
1
1
1
1
1
1
0
0
1
0
0
0
0
1
1
1
0
1
1
1
1
1
1
1
0
1
1
0
0
1
1
1
1
1
1
1
1
0
0
1
0
1
1
1
0
1
1
0
1
1
1
1
1
1
1
0
1
1
1
1
1
1
0
1
0
1
1
1
1
0
0
1
1
1
1
1
1
1
0
0
0
1
1
0
1
0
0
1
0
0
0
0
1
1
1
0
0
1
1
1
1
1
0
1
0
1
1
1
1
0
0
1
0
0
0
0
1
0
0
0
1
0
1
1
0
1
0
0
1


D3 150
198
148
180
172
173
180
183
166
172
172
178
182
168
153
186
172
190
193
179
166
176
189
191
164
193
160
176
186
163
178
164
184
182
168
186
167
179
185
172
174
165
167
156
176
172
156
191
189
165
167
167
174
165
184
186
167
163
151
174
169
154
151
177
164
169
152
194
180
191
177
189
171
153
190
170
152
178
159
165
188
172
190
158
186
173
190
174
181
163
167
156
190
149
193
160
166
166
181
194
187
174
152
154
159
160
171
157
175
168
169
156
182
177
190
175
162
178
157
170
157
157
159
159
179
164
187
170
166
168
158
165
180
159
161
165
171
168
166
197
176
164
181
184
165
174
188
172
173
181
165
165
182
201
169
154
151
188
186
170
168
168
155
181
174
161
177
160
194
152
184
168
179
169
153
188
173
161
164
182
186
189
166
172
155
166
183
174
177
171
189
170
171
153
170
178
179
182
191
171
174
233
152
153
170
169
165
163
152
154
157
184
174
151
169
161
195
196
179
164
178
153
185
166
186
152
154
170
197
171
159
151
175
154
178
197
170
179
178
178
179
197
176
182
149
168
151
154
191
168
196
181
160
174
164
178
162
150
174
176
165
168
178
150
168
151
168
149
151
150
167
194
155
155
172
173
163
165
191
163
173
166
156
173
174
172
174
159
169
171
173
175
165
191
159
150
179
163
183
185
167
180
178
172
172
167
193
153
167
169
174
150
201
170
171
163
194
163
194
170
155
193
176
173
176
179
176
196
163
174
173
148
180
165
192
166
167
173
157
167
164
170
173
151
171
159
157
149
173
154
181
178
196
178
194
173
153
175
161
180
185
169
175
170
161
175
160
182
173
184
191
164
162
177
166
169
180
173
190
159
188
174
155
182
150
167
177
176
165
150
184
170
171
165
175
156
154
156
176
158
190
150
187
172
166
180
175
175
172
155
155
155
150
149
165
187
155
169
170
170
168
166
167
154
173
150
168
151
179
161
177
155
169
168
150
167
182
163
180
177
200
181
181
154
171
182
182
173
190
183
167
178
164
189
179
155
166
179
165
181
150
183
174
176
159
158
157
181
168
151
169
166
174
168
179
166
167
194
163
166
186
179
178
166
166
192
158
184
167
175
169
169
171
171
164
166
184
172
173
159
174
175
182
176
175
153
175
214
188
167
152
166
176
149
167
170
167
178
164
148
167
171
169
169
194
175
149
186
160
168
167
179
153
165
179
181
176
163
153
153
166
193
190
192
188
193
177
177
174
181
162
163
168
185
162
186
169
173
158
176
154
165
173
188
169
176
162
171
187
180
165
149
165
164
161
174
161
231
175
151
152
154
182
176
164
164
155
175
170
192
177
163
175
159
170
159
184
164
163
174
179


D4 150
164
165
148
165
165
149
149
164
165
148
148
148
149
149
149
148
149
148
149
148
165
149
164
148
164
165
165
149
148
148
163
165
165
149
165
165
148
148
148
149
165
148
148
149
164
148
148
148
148
149
148
149
148
149
149
149
165
163
148
148
148
149
148
163
165
148
166
148
151
148
165
149
165
151
165
166
148
164
148
148
149
165
181
164
163
149
149
149
149
164
148
149
149
165
163
165
150
148
148
149
163
166
150
163
164
166
148
149
180
165
164
167
148
148
148
148
163
165
148
148
148
166
166
148
165
148
148
149
148
165
165
148
165
165
180
164
148
148
165
165
182
151
180
165
165
163
149
165
165
148
165
148
166
148
165
148
148
163
148
149
149
148
150
148
148
165
165
148
149
149
163
148
150
148
146
148
148
165
150
149
148
148
163
148
165
148
164
148
165
148
165
148
148
148
148
150
168
165
148
165
166
149
149
148
165
148
165
148
149
148
165
149
149
148
165
165
165
148
165
163
150
149
167
149
148
149
165
165
148
148
165
167
148
149
166
163
148
165
149
149
148
164
165
148
148
164
165
164
165
149
166
165
165
165
165
165
165
165
166
148
165
148
148
149
148
149
149
148
149
166
163
148
148
166
148
181
148
148
165
148
148
148
149
165
180
148
165
165
149
165
164
165
151
148
148
165
165
151
162
165
146
165
148
150
165
148
148
148
165
148
148
148
166
148
149
148
164
148
165
166
182
164
166
149
166
149
149
166
166
149
148
166
150
167
165
162
149
181
147
148
181
163
148
165
150
150
165
148
149
163
165
149
165
149
149
149
165
182
149
149
150
148
149
150
150
148
166
148
149
150
148
165
163
148
164
148
148
165
148
149
148
149
148
148
165
148
179
148
148
165
148
165
148
165
148
149
150
148
165
165
163
148
148
148
149
165
149
149
165
165
149
165
148
165
147
148
167
163
149
149
148
164
166
165
149
165
165
148
150
182
148
148
148
148
149
150
148
163
167
148
165
148
165
164
166
150
165
148
164
148
149
167
167
149
166
148
165
165
150
165
163
165
148
165
165
166
165
148
165
148
165
148
148
148
164
148
166
165
148
149
148
148
181
148
150
149
165
148
163
148
148
148
166
182
149
149
148
148
148
148
165
148
166
149
148
149
149
165
165
148
148
164
148
148
165
148
165
148
148
165
149
165
149
148
166
163
164
148
166
148
165
148
165
149
151
150
165
148
149
149
148
147
149
166
148
181
148
181
165
165
148
165
149
164
165
165
149
150
165
164
150
148
149
165
165
165
165
163
148
164
165
165
166
165
165
165
159
165
149
148
149
165
150
165
148
164
177
147
151
148
165
165
182
148
165
165
150
166
165
165


D1 400
1
1
1
1
0
1
1
1
0
0
0
1
0
1
0
1
1
1
1
1
0
1
1
0
1
1
1
1
0
1
1
1
1
1
0
1
1
1
0
0
0
1
1
1
1
1
1
1
1
1
0
1
1
0
1
1
1
1
1
1
1
0
1
1
1
1
1
1
0
0
1
1
0
1
0
1
1
0
1
1
1
0
0
1
0
1
1
0
1
1
1
1
1
0
1
1
0
1
1
1
1
1
1
0
1
0
1
0
1
0
1
1
1
1
0
0
1
1
1
1
0
1
0
1
1
1
1
1
1
0
1
1
2
1
1
0
1
1
0
1
1
1
0
0
1
1
1
0
0
1
1
0
0
0
1
1
1
0
1
1
1
1
0
0
1
1
1
0
0
1
1
0
1
1
1
1
1
0
1
0
0
1
1
1
1
0
1
1
1
1
1
1
0
0
0
0
1
1
1
0
1
2
1
1
0
1
1
1
1
0
1
1
1
0
1
1
1
1
1
1
1
1
1
1
1
1
0
0
1
1
1
1
1
1
0
1
1
1
1
1
1
1
0
0
1
1
1
1
1
1
0
1
1
1
1
1
1
0
0
1
0
1
1
1
1
1
1
1
1
0
1
1
1
1
1
0
1
1
0
0
1
0
1
1
1
0
0
0
1
1
1
0
1
1
0
1
1
1
1
1
1
0
0
0
0
1
1
1
1
1
1
1
1
1
1
0
0
1
1
1
1
1
1
0
1
1
0
0
1
1
1
0
1
1
1
0
1
1
1
0
0
1
1
1
1
0
0
0
0
2
1
1
0
1
0
1
1
1
1
1
1
1
0
1
1
1
1
1
1
1
1
1
1
1
1
0
1
1
1
0
0
1
0
1
0
1
1
1
0
0
1
1
1
1
0
1
1
1
1
1
1
0
1
1
1
0
0
1
0
1
0
0
1
1
1
1
1
0
0
1
1
0
1
1
1
1
1
1
1
0
1
0
1
1
0
1
1
0
3
0
1
1
0
1
1
1
1
0
1
0
1
0
1
1
1
1
1
0
0
0
1
1
1
1
0
1
1
0
0
1
1
0
0
1
0
1
1
0
1
0
1
1
1
1
1
1
1
0
0
1
1
1
0
1
1
0
1
1
1
0
1
1
1
1
0
0
1
1
1
1
1
0
1
0
0
0
1
0
0
0
0
1
0
1
1
1
0
1
1
1
1
1
1
1
1
1
1
0
1
1
0
1
1
1
0
1
0
1
1
1
1
1
1
1
1
1
0
1
0
1
0
1
1
1
1
1
0
1
1
1
0
1
1
1
0
1
1
1
1
1
1
0
1
0
1
0
1
1
1
1
1
1
1
1
1
1
1
1
1
1


D2 400
1
1
0
1
0
1
1
0
1
1
1
1
0
1
1
1
1
0
1
1
1
1
1
1
1
1
1
0
1
1
1
1
0
1
1
0
1
0
1
1
1
0
1
1
1
0
1
0
1
0
0
0
1
0
0
0
1
1
1
1
1
0
1
2
1
1
1
1
1
1
1
1
1
0
1
1
1
1
0
0
1
1
1
1
1
1
1
0
0
0
1
0
1
0
1
1
1
0
0
1
1
0
1
1
1
1
0
0
0
1
1
1
1
1
1
1
1
1
1
2
0
0
1
1
1
1
1
1
1
1
0
1
1
1
1
0
1
1
1
1
1
1
1
0
0
1
1
1
0
0
1
1
1
1
0
1
0
1
1
1
1
0
1
0
1
1
1
1
1
1
1
1
1
0
0
0
1
1
0
1
0
1
0
1
1
1
0
1
1
1
1
1
1
1
1
1
0
0
0
0
1
1
1
1
1
1
1
0
1
1
1
1
1
0
1
1
0
1
1
1
1
1
1
0
1
1
0
1
1
0
1
1
0
1
1
1
1
1
1
1
1
0
0
0
0
1
0
1
1
1
0
1
0
1
1
1
1
1
1
0
1
1
1
1
0
1
1
1
1
1
2
1
1
0
0
0
0
0
1
1
0
1
1
1
1
1
1
1
1
1
1
1
1
1
1
1
1
1
1
1
0
0
1
1
1
1
1
1
1
0
1
1
1
1
1
1
1
1
1
1
0
0
0
1
1
1
0
0
0
1
1
1
1
1
1
1
1
1
1
0
1
1
1
0
1
1
1
1
1
1
1
1
1
1
1
1
1
1
1
1
1
1
1
1
0
1
1
0
1
0
1
0
1
1
1
1
0
1
1
1
1
2
1
1
1
1
1
1
1
1
1
0
1
1
1
1
1
1
1
1
1
1
1
1
0
1
1
1
1
0
0
1
1
1
1
1
0
1
1
0
1
0
1
1
1
0
1
1
1
1
1
1
0
1
1
1
1
0
1
1
1
1
1
1
1
1
1
1
0
1
0
1
1
1
1
0
1
1
1
0
1
0
1
1
1
0
1
1
1
1
1
1
1
0
0
1
1
1
1
0
1
1
1
0
0
1
0
1
1
1
1
1
1
1
1
0
0
0
0
1
0
1
1
1
1
1
1
0
1
1
1
0
1
1
1
1
0
1
1
1
1
1
1
1
0
1
1
1
0
1
0
1
1
0
1
1
1
1
1
1
1
0
1
1
1
1
1
1
1
1
0
1
0
0
0
1
1
1
0
1
1
1
1
0
1
1
1
1
1
1
0
0
0
1
1
0
0
1
1
0
1
1
0
0
1
0
1
1
1
0
0
1
1
0
1
1
1
0
1
1


D3 400
421
411
428
418
405
428
398
397
417
420
423
397
398
401
399
402
406
408
411
429
423
402
406
411
422
408
408
416
411
425
428
397
430
415
400
415
410
400
401
420
413
415
403
406
419
404
406
418
396
415
399
404
428
416
417
414
425
429
421
416
402
398
406
429
400
399
420
427
404
405
432
418
416
423
416
397
408
417
412
420
403
403
403
399
415
403
405
427
430
413
402
406
429
422
405
398
397
411
426
419
420
415
420
402
406
401
404
437
398
400
419
397
421
418
421
408
408
400
401
403
419
435
403
408
411
414
399
414
415
418
413
409
438
405
412
415
434
413
410
423
427
397
444
412
402
399
419
419
410
428
429
429
418
416
416
398
399
399
415
415
414
419
429
402
408
407
406
406
415
398
415
425
432
433
401
421
407
426
397
400
418
411
419
402
430
414
420
425
418
404
417
417
400
401
408
424
400
420
418
404
414
416
399
400
416
427
409
399
417
416
415
425
415
415
406
408
425
408
427
407
400
399
398
398
399
417
419
410
400
420
414
401
416
409
429
400
427
424
426
426
429
402
427
397
415
415
416
403
415
410
412
402
422
412
425
409
412
405
404
430
430
425
412
416
398
430
413
399
413
415
420
402
402
421
402
411
412
406
410
400
429
403
421
437
417
421
405
416
401
418
404
427
403
420
397
409
411
430
412
429
427
419
418
422
429
407
399
429
416
419
430
413
400
401
426
424
425
408
400
418
424
404
403
423
427
419
428
428
438
402
410
412
430
423
428
413
402
420
398
410
417
420
398
401
404
419
413
420
415
412
424
409
408
421
420
418
422
407
409
430
418
422
415
427
405
408
413
419
431
404
411
424
401
413
399
410
402
402
403
427
403
416
429
398
429
419
418
412
397
397
415
402
412
422
402
399
401
421
404
433
411
417
402
413
426
420
420
418
417
431
419
413
428
425
402
402
401
400
417
415
414
397
417
416
398
415
415
424
409
407
401
415
413
430
412
397
442
424
409
429
413
410
419
402
413
413
401
420
414
414
421
429
404
409
402
411
410
429
412
414
410
421
406
404
422
419
429
414
415
414
428
420
398
425
429
414
407
428
428
399
409
408
428
412
405
404
414
427
402
417
416
416
399
411
415
399
420
401
403
404
419
426
407
404
399
419
428
403
430
399
413
402
429
414
417
412
425
412
427
415
399
415
415
407
405
412
401
404
416
429
408
400
426
412
411
424
428
400
431
430
403
421
406
400
405
424
405
405
411
409
410
398
398
427
416
418
403
404
404
419
397
418
416
415
423
426
415
399
410
429
413
411
429
408
402
422
421
404
415
399
416
411
423
445
413
399
404
418
407
420
427
419
403
417
402
415
414
427
405
424


D4 400
415
416
415
400
399
400
416
399
400
416
400
399
399
416
414
399
400
399
416
416
416
400
399
399
416
416
416
416
414
416
399
416
416
400
400
417
417
431
399
417
416
416
414
415
416
416
399
399
400
399
415
431
416
399
416
399
416
399
415
416
417
399
416
397
416
415
399
417
399
416
400
400
416
415
417
399
400
400
399
430
399
416
400
400
417
399
416
418
414
399
400
399
416
399
417
399
399
399
399
416
416
417
414
416
400
399
399
416
398
416
416
400
416
417
416
400
414
400
400
399
399
399
416
416
415
431
399
414
400
400
414
416
399
416
399
399
399
416
399
431
399
399
402
399
399
417
417
416
399
413
399
416
417
415
399
416
399
399
400
399
416
399
414
416
416
416
399
414
400
399
417
416
416
399
416
416
431
399
399
399
399
399
399
416
416
416
399
399
415
399
431
401
416
415
416
399
417
399
415
399
399
402
400
416
431
400
400
399
400
416
416
400
416
399
416
416
400
399
399
399
416
399
399
399
399
400
399
412
399
399
399
416
399
399
416
416
416
415
417
416
416
414
400
399
399
416
399
416
400
399
416
416
416
399
400
414
416
416
399
399
431
400
401
416
431
416
400
399
399
431
397
399
416
399
399
416
399
399
414
399
417
416
415
399
400
416
416
400
402
416
416
416
414
416
399
399
399
400
399
399
416
417
416
416
415
399
414
416
416
416
400
417
399
400
401
415
399
399
399
416
414
416
416
399
417
416
416
415
399
431
400
399
399
417
417
416
416
399
399
415
417
399
399
414
416
416
399
399
416
415
399
399
416
416
416
399
400
412
416
400
416
416
400
400
399
400
399
416
416
399
399
433
399
416
399
416
399
400
400
416
415
416
416
399
416
400
400
416
400
400
417
399
399
400
431
416
416
399
417
416
416
416
416
414
399
416
416
416
431
401
399
399
416
401
399
399
399
399
416
399
400
399
414
416
414
416
416
399
399
416
399
431
399
400
416
399
399
401
400
416
399
399
400
399
416
400
416
416
399
399
399
416
400
416
399
416
416
416
416
414
399
416
399
416
416
400
417
416
430
416
401
416
416
415
415
416
400
399
416
399
416
416
399
416
399
417
399
395
399
400
399
416
416
400
416
399
430
415
399
416
418
400
417
416
416
416
416
399
416
399
414
399
416
416
417
416
399
399
416
414
399
416
416
416
399
416
399
400
399
416
399
416
416
414
416
416
416
400
417
433
416
416
399
416
399
416
416
430
416
399
399
399
399
415
401
415
415
417
399
400
416
414
400
400
416
416
401
399
399
416
414
399
415
399
399
399
415
399
416
399
416
416
399
416
431
399
399
416
399
415
417
416
400
400
399
400
414
401
431
400


D1 1000
0
1
1
2
0
1
1
1
1
2
5
2
2
2
2
2
2
2
2
3
2
1
1
0
1
2
2
2
2
2
2
2
3
5
1
1
1
1
0
1
1
1
1
0
3
2
3
2
2
2
4
1
1
1
1
0
1
1
1
1
1
2
2
2
7
1
1
1
1
1
1
1
1
0
2
2
2
1
1
1
1
1
0
2
2
2
4
1
2
1
1
0
1
1
2
2
2
2
2
5
3
2
7
1
2
1
1
1
1
2
1
1
1
1
1
2
0
1
1
1
0
1
1
1
1
1
1
1
1
1
1
1
1
1
0
2
2
5
1
1
0
1
1
1
1
1
1
1
2
3
1
1
1
2
2
2
2
1
1
2
2
2
2
0
0
1
1
2
2
2
2
2
3
2
1
2
2
2
1
0
2
2
3
2
2
2
1
0
1
1
1
3
0
1
1
1
4
4
1
1
1
2
1
1
2
3
3
2
3
2
2
3
1
1
1
1
1
3
2
2
3
2
3
2
2
2
2
2
2
1
1
1
1
0
0
1
1
1
0
2
2
2
3
3
1
0
1
2
2
2
3
1
1
0
2
3
2
2
2
2
1
2
2
8
3
1
1
1
1
1
0
1
2
2
2
2
1
1
1
0
1
2
1
1
1
1
1
2
2
2
2
2
3
2
2
2
1
1
1
1
1
1
2
4
3
3
8
3
3
2
2
2
1
0
1
2
1
1
2
2
2
2
1
1
1
3
1
0
0
2
1
1
1
1
1
1
1
1
0
2
1
2
3
2
2
3
2
2
2
10
2
3
2
2
2
2
2
2
2
2
2
2
2
1
2
2
2
3
2
2
2
3
1
1
1
1
1
0
1
1
0
1
2
0
0
0
1
1
1
2
2
2
2
2
2
4
2
3
2
1
4
1
1
1
3
2
2
2
1
1
1
1
1
1
2
3
2
2
9
1
0
2
2
1
3
2
2
2
2
2
2
2
3
2
2
1
1
2
2
2
3
2
2
1
1
2
3
1
1
2
2
2
2
2
3
1
2
2
2
2
2
3
2
3
2
2
2
0
1
1
1
2
2
3
1
1
2
4
1
2
2
1
1
1
0
0
2
4
0
1
1
2
2
2
1
1
1
1
1
0
0
3
2
2
2
1
1
3
2
1
1
2
2
1
1
2
3
2
2
2
2
3
2
3
3
2
2
2
2
3
2
2
3
1
0
2
3
0
1
1
0
1
1
2
2
2
3
1
1
1
2
1
1
1
1
2
2
1
1
1
1
1
2
2
1
2
2
1
0
2
2
3
3
2
0
1
3
3
2
3
2
2
4
0
1
0
3
2
1
1
2
2
0
1
2
1
3
1
2
2


D2 1000
1
1
1
1
1
1
1
0
1
1
0
1
1
1
1
1
2
1
1
1
1
1
0
1
1
1
1
0
1
2
0
2
1
2
0
1
1
1
1
2
1
1
3
2
1
1
0
1
2
1
1
1
1
0
0
1
1
1
1
1
1
1
1
0
0
1
1
1
0
1
1
1
0
1
2
0
1
0
0
2
0
0
0
1
1
1
0
1
0
2
0
0
0
1
1
1
1
0
2
0
1
0
1
0
2
1
0
1
1
1
1
1
0
2
1
1
0
1
1
1
0
0
0
1
0
1
1
1
2
1
0
0
3
1
1
0
1
1
1
1
1
0
1
0
1
0
1
1
1
1
1
2
1
1
1
1
1
1
1
1
1
0
1
2
2
1
0
1
1
1
0
1
1
1
1
1
1
0
2
1
1
1
2
0
0
1
1
0
1
1
1
1
1
1
0
1
1
0
1
1
0
1
1
0
1
1
2
1
1
1
0
1
1
1
0
1
1
0
1
0
1
1
1
1
1
1
1
1
1
1
0
1
1
1
1
4
1
1
1
1
1
1
0
1
0
1
0
1
1
1
2
2
0
2
0
1
1
1
2
1
2
1
1
1
1
1
1
0
0
1
1
1
1
1
2
1
1
0
0
1
1
0
0
2
1
1
1
1
1
1
1
1
0
0
1
1
1
3
1
1
1
1
2
0
1
1
1
0
1
1
2
1
1
1
1
0
1
1
0
2
1
2
1
3
1
1
2
1
0
0
0
2
0
0
0
2
1
1
1
3
0
0
0
1
1
0
1
2
2
1
2
1
1
1
1
1
1
1
1
1
0
1
0
1
1
1
0
0
0
1
0
1
1
0
0
1
1
1
1
1
0
0
1
2
1
2
1
2
2
1
2
1
1
0
0
0
1
1
1
0
1
2
0
1
1
1
1
1
1
1
1
1
1
1
2
2
1
1
0
1
1
0
1
0
1
2
1
0
1
1
0
1
1
1
1
2
1
1
1
1
0
2
0
1
0
1
0
0
1
1
1
1
1
0
0
0
0
1
0
0
1
0
2
1
1
2
1
1
1
1
1
1
0
1
0
0
2
2
1
2
1
1
1
1
1
1
1
1
2
1
0
1
1
1
1
0
1
0
1
1
2
1
0
1
2
1
1
1
0
1
1
0
0
1
1
1
1
1
2
1
1
1
1
1
1
1
0
1
0
1
1
1
1
1
3
0
0
0
1
1
1
1
0
1
1
0
1
0
2
2
1
0
0
1
0
1
0
0
1
1
0
0
1
0
0
1
1
0
1
1
1
2
1
0
1
0
1
2
1
1
1
0
1
1
2
1
1
1
0
1
1
0
1
1
1
1
1
1
1
1


D3 1000
1021
1013
1012
1019
1021
1013
1000
1015
1001
1004
1010
999
1015
1002
1016
1004
1007
1025
1012
1032
1008
1019
1023
1028
1025
1027
1025
1000
1011
1026
1030
1014
1013
1016
1019
998
1028
1000
1003
1007
1014
998
1020
1008
1022
1020
1007
1003
1015
1048
1001
1004
996
1001
1020
1015
1011
998
1023
999
1020
1032
1009
1029
1018
1016
1022
1030
1021
1006
1003
1021
1002
1004
1001
1033
1025
1037
1013
1003
1005
1005
1037
1016
1019
1003
1023
1012
1013
999
1005
1039
1029
1027
1024
999
1015
1012
1028
1005
1037
1000
1035
1004
1008
1018
1005
1022
998
1019
1037
1015
1004
1005
1038
1026
1008
1000
1019
1019
1003
1005
1008
1042
1012
998
1000
1016
1031
1002
1014
1044
1008
1021
1028
1000
1018
1030
1026
1006
1028
998
1013
1012
1006
1001
1005
1019
1011
1013
1030
1013
999
1000
1001
1001
1032
1017
1002
1017
1032
1002
1013
1004
1009
1041
1007
1021
1000
1000
1015
1009
1001
1018
1018
1021
1023
1011
999
1017
1018
1032
1004
1005
1014
1014
1004
1011
1004
1020
1001
1002
1002
1019
1026
1011
1018
1039
1001
1004
1014
1001
1017
1018
1000
1029
1011
1032
1001
1035
1018
1023
998
1016
1009
1027
1027
1011
1029
1008
1003
1014
1015
1000
1001
1034
1017
1027
1002
1005
1015
999
1018
1012
1029
1017
1010
1010
1011
1042
1027
1002
1028
1031
1015
998
1001
1006
1015
1010
1029
1004
1007
1028
1009
1027
1015
1007
1004
1029
1001
1026
1015
1015
1015
997
1014
997
998
998
1022
1003
1019
1005
1003
1012
1014
1007
1011
1002
1015
1021
1005
1008
1003
1024
1038
999
1020
1004
1036
1011
1020
1023
1015
1026
1028
1014
1031
997
1011
1004
1003
1024
1045
1023
1016
1032
1017
1037
1013
1031
1001
1032
1027
1007
1027
1009
1017
1036
1006
1006
1005
1023
1011
1021
1012
1041
1005
1004
1013
1014
1029
1008
1013
1014
1006
1037
1014
1030
1003
1021
1016
1002
1005
1022
1030
1004
1001
1012
1026
1026
1026
1021
1023
1035
1007
1023
1012
1017
1000
1004
1000
1011
1021
1023
1013
1004
1015
1022
1013
1042
1004
999
999
1011
1004
1004
1020
1011
1018
1002
1031
1014
1013
1004
1022
998
1015
1015
1015
1005
1029
1004
1020
1002
1020
1022
1021
1002
1014
1019
1019
1029
1010
1021
1037
1001
1003
1002
1004
1013
1011
1028
1004
1004
1001
1017
1018
1000
1029
1014
1001
1019
1017
1030
1014
1010
1026
1025
1019
1001
1015
1032
1046
1014
1010
1011
1010
1045
1030
1012
1004
1019
1030
1032
1004
1006
1014
1030
1005
1031
1005
1026
1003
1013
1012
1028
1030
1015
1013
1009
1023
1022
1021
1005
1029
1014
1000
1017
1015
1038
1016
1010
1014
1015
1006
1029
1030
1001
1025
1009
1014
1030
1022
1020
1015
1063
1004
1001
1031
1000
1001
1013
1030
1000
1005
1003
1006
1005
1003
1013
1010
1037
1016
1003
1029
1002
1031
1015
1030
1004
1032
1031
1003
1015
1009
1027
1011
1029
1017
1001
1033
1008
1024
1012
1003
1020
1016
1031
1009
1018
1027
1011
1012
1027
1028
1018
1001
999
1022
1005
1007
1003
1007
1024
1024
1022
1013
1011
1044
999
1000
1012
1003
1000
1006
1007
1005
1036
1015
1035
1017
1000
1040
1026
1015
1034
1045
1012
1013
1013
1031
1059
1003
1008
1006
1006
1032
1016
1018
1014
1022
1029
997
1001
1005
1034
1024
1006
1012
1004
1019
1001
1004
1017
1029
1028
1006
1026


D4 1000
1006
1000
1031
1000
1000
1000
1000
1016
1000
1000
999
1015
1003
1016
1000
1000
1016
1016
1016
1017
1016
1000
1017
1001
1000
1015
1000
999
1000
1006
1032
1005
1000
1002
1003
1000
1004
1000
1000
1016
1016
1000
1017
1001
1015
1001
1000
1000
1020
1017
1015
1017
1016
1015
1016
1004
1004
1017
1004
1021
1000
1002
1020
999
1005
1002
1000
1015
1000
1021
999
999
1014
1000
1001
1003
1014
1016
1000
1001
1000
1014
1015
1000
1005
1019
999
1016
999
1001
1029
998
1000
1005
1017
1015
1000
999
1004
1031
1017
1017
1002
1000
1014
1000
999
1000
1000
1018
999
1004
1018
1032
1017
1017
999
1000
1003
999
999
1000
1016
1017
1015
1017
1000
1014
1006
1000
999
1000
1013
1017
1001
1017
1015
1000
1004
1000
1016
1019
1000
999
1000
999
1031
1004
1000
1017
1015
1015
1000
1021
1000
1015
1000
999
1016
1005
1001
1015
1015
1001
1033
1000
999
1006
1016
1030
1003
1021
1000
1017
1004
1003
1017
1016
1020
1004
1000
1003
1001
1018
1000
1000
1000
1019
999
1015
1000
1021
1015
1017
1004
1015
1017
1015
1000
1000
1005
1017
1000
1001
1000
1000
1033
1003
1000
1016
1001
1000
1000
1021
999
1003
1005
999
1004
1000
1015
1017
1005
1021
1017
1017
1004
1004
1000
1013
999
1016
1017
1000
1015
1002
1000
1021
1031
1000
1017
1000
1005
1015
1005
1020
999
1000
1000
1000
1016
1002
1031
1017
1000
1017
1000
1015
1001
1000
1021
1003
1000
1000
1004
1000
1020
999
1017
1000
1015
1019
1003
1000
1028
1032
1004
1000
1004
1000
1018
999
1000
1018
1016
1013
1017
1000
1014
1019
1017
1000
1000
1016
1018
1004
1017
1005
1017
1021
1000
1000
1021
1013
1019
1005
1000
1017
1003
1001
1001
1000
1000
1019
1003
1000
1000
1031
999
998
1000
1001
1030
1017
1015
1001
1020
1021
1000
1001
999
1032
1006
1000
1016
1001
1032
1016
1000
1001
1029
1002
1000
1000
1000
1014
1004
1021
1018
1021
1004
1000
999
1016
1015
1017
1000
1016
1015
1031
1017
1000
1000
1016
1017
1017
999
1017
1018
1016
1000
1001
1000
1015
1017
1021
1000
1017
1017
1000
1017
1016
1015
1022
1004
1017
1016
1015
995
1000
1002
1035
1000
1000
1000
1000
1015
1016
1017
1000
1021
1016
1005
1004
1000
1017
1017
1000
1018
1000
1015
1000
1000
1017
1001
1018
1000
1016
1002
1019
1015
1000
1018
1005
1032
1005
1000
999
1015
1005
999
1000
1004
1015
1000
1005
1021
1021
1015
1001
1016
1018
1013
1015
1004
1017
999
1031
1004
1004
1000
1004
1015
1016
1000
999
1019
1003
999
1000
1004
1031
1001
999
1002
1019
1002
999
1016
1017
1032
1000
1000
1000
1016
1019
1001
1016
1000
1016
1005
1015
1000
1000
1031
1000
1000
1000
1001
1031
1017
1000
1017
1019
1017
1000
1000
1000
1032
1000
1001
1000
1000
1017
1001
1000
1017
1014
1004
1002
1000
1000
1002
1017
999
1000
1013
1002
1001
1018
1002
1036
1000
1000
1004
1000
1030
1001
1000
1000
1031
1000
1002
1000
1000
1014
1013
1000
999
1021
1032
1000
999
1000
1019
1000
1013
999
1001
1033
1017
1000
999
1017
1015
1000
999
999
1032
1000
999
1017
1005
1019
1016
1016
1002
1016
1016
1000
1000
1001
1015
999
1000
1000
1019
1016
1017
1000
1000
1031
1015
1004
1001
1017
1015
1004
1000
1026
1000
1031
1017
1021
1000
1014
1017
1017
1015
1004