D3 150
166
144
144
166
141
144
130
174
151
143
173
143
143
170
163
160
139
159
151
173
142
149
147
162
171
154
156
170
144
171
161
145
159
147
163
146
166
164
172
137
148
156
148
147
153
162
169
159
164
168
169
166
165
162
143
178
149
169
146
168
172
167
160
147
159
116
175
157
163
147
143
173
164
149
164
135
145
172
162
177
147
147
164
165
168
150
171
172
171
148
162
163
158
167
147
165
169
151
174
178
169
169
170
146
146
169
162
165
168
146
173
150
146
148
158
150
143
145
145
172
148
170
145
175
141
171
153
162
147
149
163
170
142
146
132
172
168
159
143
173
170
175
144
146
139
172
143
142
143
148
141
175
148
145
141
174
144
145
140
172
143
142
141
149
145
152
141
144
141
166
169
152
167
125
142
171
149
146
166
169
146
156
171
174
166
165
147
174
145
168
154
146
140
176
145
172
140
148
140
145
165
170
138
151
140
145
140
143
171
173
148
147
149
171
144
146
145
146
141
171
170
150
147
147
173
169
140
169
147
143
171
150
151
173
169
150
145
170
143
157
154
144
149
169
167
144
150
144
167
169
148
144
170
154
141
170
169
148
147
154
146
131
167
155
154
162
171
146
148
143
152
173
148
172
152
164
152
161
150
142
148
167
175
145
162
170
162
174
173
141
149
165
170
157
154
147
148
158
170
145
151
148
147
160
156
170
163
164
160
158
132
150
164
150
175
167
171
168
162
150
130
151
147
161
149
164
146
144
147
147
170
170
166
172
143
173
144
168
147
158
148
168
170
143
150
167
145
167
144
174
151
150
143
164
148
168
176
170
143
143
159
144
159
168
167
156
171
159
156
139
159
169
169
149
169
175
146
175
166
175
161
172
149
170
142
160
170
142
146
173
164
143
166
171
171
141
166
141
144
144
146
169
171
144
143
147
147
168
129
147
143
172
170
157
150
166
170
148
145
149
168
161
157
168
167
159
144
159
164
142
162
169
175
171
166
172
161
171
171
168
168
167
164
166
148
143
145
151
150
149
169
169
170
162
150
170
170
136
169
166
166
176
167
170
149
166
152
141
157
168
163
173
172
167
162
167
168
158
166
161
169
143
169
168
143
162
143
156
170
165
143
148
148
155
143
144
151
165
168
170
160
141
147
144
143
147
142
164
166
143
157
145
167
165
151
149
138
162
174
165
151
159
159
167
165
172
171
169
163
168
169
166
160
154
140
159
144
171
170
162
169
160
167
169
154
140
165
165
146
168
161
164
166
172
165
160
168
143
167
160
169
158
173
147
146
132
169
171
151
163
161
150
170
166
144
129
168
161
164
147
170
150
171
142
145
148
152
143
167
147
164
141
169
166
143
153
139
143
167
142