D4 150
184
183
182
181
183
200
179
183
181
198
183
182
200
182
183
182
178
182
179
181
180
180
182
181
182
197
179
182
180
179
182
180
182
182
179
180
184
183
181
195
198
197
183
180
180
183
181
184
181
179
184
182
181
183
180
182
199
182
181
183
182
184
184
182
197
180
179
182
182
180
198
179
184
198
180
182
179
184
182
181
199
199
181
183
182
199
182
181
181
198
184
181
181
184
179
183
181
199
183
183
182
183
185
180
197
182
181
184
182
197
181
198
183
198
184
198
178
183
181
181
180
180
182
181
181
182
181
183
180
178
183
181
200
181
181
183
183
184
181
181
183
181
183
181
179
184
182
183
180
182
199
180
200
181
178
181
182
180
178
179
181
179
180
182
179
180
181
182
180
182
181
180
183
185
183
182
198
183
183
181
198
182
184
183
182
182
182
182
197
184
200
180
182
183
181
183
179
182
182
178
182
182
181
198
216
180
182
198
182
181
181
180
179
183
178
180
182
199
181
182
184
182
181
180
181
182
182
183
181
179
183
182
181
182
181
182
180
183
182
181
198
179
181
182
181
180
180
182
181
182
181
182
181
198
180
184
184
183
197
180
183
180
184
179
181
182
181
198
182
213
197
181
197
183
179
181
179
183
181
179
181
180
183
197
180
182
182
182
182
180
180
184
183
183
181
214
197
184
182
180
197
197
183
182
182
182
182
183
183
183
183
182
181
181
182
183
181
185
181
180
181
179
182
180
196
184
179
214
198
183
180
185
184
182
198
182
180
181
181
182
197
182
180
180
178
184
180
181
182
182
181
198
182
183
196
184
181
184
180
182
183
180
198
184
182
182
182
185
182
181
182
182
184
181
183
182
180
181
185
182
182
182
184
182
179
183
182
183
180
180
184
180
185
182
180
185
180
199
180
178
180
181
184
180
182
196
181
182
180
180
181
182
181
182
197
182
182
198
198
199
182
183
182
182
183
182
180
181
182
182
183
181
181
180
184
185
182
181
182
181
182
182
182
182
181
198
181
183
197
197
182
181
183
181
180
183
180
183
181
182
181
182
181
184
180
182
197
179
182
180
182
182
181
182
178
182
182
198
182
181
183
183
182
184
182
182
182
181
182
182
199
179
182
182
178
199
180
182
181
180
182
179
182
179
179
181
182
183
184
179
182
183
185
182
179
179
179
182
183
181
183
184
183
184
185
183
182
182
182
183
184
183
182
181
181
182
195
184
184
180
182
180
183
182
181
197
182
183
198
181
184
181
184
181
182
183
180
182
182
182
182
183
183
181
177
181
182
181
197
183
184
197
181
179
181
182
182
182
183
179
181
181
184
214
179
197
181
199
182
179
183
179
183
182
180
197
180
182
185
180