D3 400
411
406
425
404
416
441
419
411
417
405
433
431
415
418
416
406
418
418
418
424
426
417
410
418
417
417
418
416
418
421
410
415
434
417
416
415
417
434
430
435
418
417
418
412
416
415
412
410
408
417
417
419
432
417
416
417
417
404
411
416
418
411
417
404
419
417
432
418
408
422
418
431
427
433
406
426
433
433
433
417
425
426
428
405
405
423
434
434
453
426
434
424
417
416
435
433
432
433
434
421
415
434
433
409
410
431
424
417
414
411
410
409
424
408
421
415
417
416
419
416
417
417
413
411
417
419
407
424
426
434
406
415
417
417
419
411
432
410
432
417
419
417
416
435
431
432
435
408
417
419
421
417
420
413
412
425
418
421
434
410
430
417
407
435
421
426
418
433
406
436
417
403
403
418
418
407
435
407
416
407
432
416
431
434
403
431
406
417
416
413
434
428
434
419
433
434
417
415
418
436
431
411
414
432
434
417
404
450
413
438
433
424
416
406
431
432
417
434
423
426
435
432
434
417
417
430
419
416
420
412
434
412
417
435
424
425
413
418
406
417
496
404
427
414
418
418
435
418
433
431
417
417
411
417
416
419
422
418
417
433
404
417
412
412
406
427
404
417
410
414
419
425
403
434
434
404
410
417
425
417
417
411
425
417
418
415
433
432
410
467
420
418
418
433
418
417
427
432
417
408
432
417
412
434
438
423
405
416
418
434
417
424
406
431
424
431
435
433
430
422
435
435
428
428
434
415
434
432
439
417
437
417
433
423
417
409
411
418
423
413
417
433
418
408
420
414
416
417
411
434
410
417
410
417
417
418
417
418
431
434
407
417
409
416
415
407
431
433
419
415
412
417
417
413
416
406
418
462
411
432
428
418
434
411
413
430
413
425
413
406
409
417
407
418
410
414
416
406
417
417
413
417
432
405
417
410
415
419
417
409
413
430
436
419
418
418
415
433
434
422
420
417
415
412
432
433
416
417
417
418
417
417
416
430
433
432
419
425
435
406
435
423
423
435
429
435
417
434
429
433
419
403
450
417
414
420
434
418
426
410
430
430
435
417
403
409
430
412
423
427
417
430
416
417
406
432
410
418
423
418
419
418
419
417
434
421
417
431
420
417
417
407
408
429
426
404
431
408
418
415
417
432
419
409
410
420
417
407
408
418
418
420
409
426
431
420
433
404
432
419
433
421
426
422
416
417
421
417
415
435
409
410
435
408
416
418
431
422
449
435
432
421
412
434
414
423
434
417
414
418
417
451
435
434
428
407
433
433
445
429
433
433
433
433
430
437
419
430
411
435
418
432
414
424
418
406
430
426
420
409
409
414
418
414
418
417
413
434
409
428
419
412
406
416
419
407
418
418
420
419