D4 400
447
430
430
430
447
431
444
446
448
448
433
432
432
432
431
444
431
448
431
432
448
432
430
446
445
432
432
447
429
446
447
432
431
446
445
431
447
431
429
432
448
447
446
430
431
431
430
431
446
448
432
446
431
431
470
447
432
450
430
431
433
432
446
448
432
432
432
430
432
431
428
432
431
468
448
432
431
432
430
449
432
432
447
446
466
431
431
430
429
434
433
447
435
433
447
451
431
434
432
430
445
431
449
429
432
448
429
450
430
444
448
432
431
447
433
431
431
431
445
430
431
447
430
429
430
429
432
430
429
431
432
448
447
432
429
430
431
448
431
428
443
431
429
447
447
430
432
430
430
443
448
429
464
446
432
447
431
432
443
430
428
448
432
430
432
432
431
447
447
447
431
446
447
447
448
431
430
432
431
432
445
432
448
432
449
431
431
432
449
447
446
463
432
449
446
431
431
449
446
447
450
467
448
430
435
434
466
447
466
432
435
450
464
437
448
433
445
433
432
446
429
432
434
446
446
430
429
447
429
445
431
432
430
430
433
445
431
448
427
430
463
449
446
431
431
431
447
444
466
448
449
433
430
447
431
447
434
431
450
431
443
429
431
447
431
446
430
433
431
447
431
448
431
449
431
430
447
432
432
432
429
448
449
432
430
448
447
431
430
482
431
445
431
430
430
432
433
445
447
446
448
448
430
431
432
432
430
448
464
429
436
448
447
449
434
452
432
453
432
447
433
435
445
432
434
434
434
464
468
431
432
428
440
433
431
448
429
430
481
430
445
428
447
430
464
429
446
449
430
430
465
429
432
443
430
429
430
431
430
430
447
448
444
446
448
448
433
432
447
430
445
444
448
430
448
447
447
453
446
447
449
448
448
431
463
444
430
451
431
446
447
432
448
444
448
429
449
430
431
430
448
429
429
433
431
431
448
429
432
431
432
430
447
430
430
445
462
431
447
449
431
448
449
431
450
437
449
447
446
431
465
449
448
446
469
449
433
447
450
451
436
438
446
455
447
432
442
465
449
433
447
449
433
449
447
443
428
448
447
431
448
432
432
431
430
460
432
431
445
432
432
446
449
448
461
448
431
431
448
431
431
430
451
432
430
428
432
431
430
448
453
444
455
431
453
431
433
431
431
431
444
434
430
432
448
432
450
448
446
446
449
429
436
432
431
430
447
430
447
431
449
431
430
430
481
431
445
445
448
431
430
448
429
446
432
449
444
427
449
466
429
446
486
448
432
432
431
432
432
447
430
449
431
432
447
433
452
431
463
432
447
432
435
431
449
431
428
449
432
447
431
449
426
449
429
431
432
446
431
432
445
447
430
446
430
430
429
431
447
432
430
431
430
445
448
430
431
430
431
433