D3 1000
1021
1022
1017
1018
1032
1025
1016
1018
1017
1036
1017
1027
1027
1015
1029
1016
1018
1028
1043
1014
1023
1026
1023
1041
1016
1021
1021
1028
1041
1015
1027
1026
1031
1038
1019
1023
1019
1038
1021
1024
1018
1023
1033
1020
1019
1024
1017
1032
1025
1027
1022
1023
1032
1024
1023
1026
1025
1015
1019
1023
1016
1032
1016
1017
1025
1018
1032
1016
1018
1027
1021
1043
1021
1028
1023
1015
1029
1025
1028
1021
1029
1030
1024
1027
1019
1030
1027
1018
1015
1019
1028
1020
1020
1028
1018
1022
1030
1028
1022
1045
1022
1014
1028
1020
1031
1021
1016
1017
1029
1031
1015
1016
1014
1026
1026
1026
1016
1017
1031
1021
1015
1024
1028
1043
1019
1021
1022
1027
1035
1022
1020
1014
1026
1029
1023
1023
1024
1037
1016
1016
1026
1017
1033
1020
1031
1017
1024
1032
1021
1014
1028
1030
1024
1027
1022
1030
1036
1017
1019
1026
1028
1043
1026
1028
1023
1044
1039
1029
1026
1025
1018
1020
1017
1018
1024
1038
1034
1037
1017
1020
1029
1016
1016
1023
1017
1019
1040
1030
1027
1014
1023
1014
1023
1027
1036
1023
1019
1023
1017
1038
1014
1018
1017
1024
1032
1023
1019
1023
1018
1020
1033
1030
1030
1031
1029
1017
1029
1017
1032
1024
1019
1027
1034
1032
1032
1024
1018
1020
1028
1029
1023
1029
1039
1028
1021
1027
1023
1039
1016
1031
1028
1018
1030
1017
1030
1027
1036
1030
1027
1031
1021
1029
1029
1017
1028
1019
1036
1017
1028
1016
1016
1033
1013
1017
1024
1037
1016
1018
1029
1019
1022
1024
1019
1026
1037
1038
1027
1018
1016
1028
1038
1030
1025
1019
1035
1018
1027
1019
1019
1035
1030
1015
1024
1026
1023
1023
1019
1020
1029
1026
1026
1016
1014
1032
1016
1029
1029
1017
1029
1017
1015
1022
1029
1041
1016
1028
1023
1040
1023
1028
1023
1017
1046
1031
1029
1013
1024
1038
1017
1025
1018
1021
1044
1019
1027
1028
1042
1015
1012
1017
1017
1033
1028
1029
1029
1019
1031
1016
1025
1019
1016
1016
1015
1019
1021
1038
1017
1027
1021
1029
1043
1031
1023
1029
1015
1031
1022
1016
1028
1016
1023
1026
1020
1015
1046
1027
1028
1029
1020
1019
1016
1030
1015
1016
1038
1022
1019
1021
1018
1017
1017
1016
1018
1020
1026
1029
1017
1020
1032
1014
1030
1032
1020
1022
1035
1021
1017
1022
1016
1016
1028
1014
1040
1076
1020
1023
1033
1022
1024
1029
1016
1018
1041
1027
1050
1016
1026
1029
1025
1017
1027
1043
1021
1036
1018
1021
1031
1030
1023
1023
1022
1044
1024
1031
1040
1030
1037
1031
1023
1028
1027
1032
1028
1017
1025
1040
1020
1028
1026
1028
1037
1028
1027
1018
1016
1020
1045
1020
1017
1035
1028
1016
1031
1026
1040
1030
1022
1032
1030
1043
1027
1015
1017
1019
1028
1016
1030
1016
1043
1025
1022
1025
1022
1038
1030
1017
1016
1018
1039
1030
1029
1031
1028
1029
1022
1029
1022
1042
1019
1015
1029
1014
1028
1015
1023
1025
1019
1037
1015
1018
1018
1016
1026
1026
1017
1018
1042
1029
1023
1024
1020
1038
1018
1018
1025
1017
1044
1030
1023
1023
1019
1025
1017
1020
1029
1029
1024
1026
1019
1026
1025
1015
1029
1029
1023
1033
1027
1027
1026
1044
1022
1023
1017
1023
1035
1020
1017
1016
1025
1043
1022
1023
1015
1029
1029
1015
1013
1016
1028
1029
1015
1016
1027
1044
1019
1028
1026
1014
1034
1027
1024
1019
1015
1032
1031
1014
1025
1032
1014
1014