D4 1000
1033
1034
1033
1048
1033
1032
1033
1033
1048
1034
1033
1033
1034
1048
1033
1033
1034
1032
1033
1033
1033
1033
1049
1034
1034
1033
1033
1049
1033
1033
1033
1033
1048
1033
1033
1035
1036
1033
1032
1034
1050
1049
1035
1034
1034
1033
1048
1033
1034
1033
1033
1048
1033
1033
1033
1032
1031
1050
1033
1033
1031
1033
1033
1033
1034
1048
1028
1035
1033
1031
1048
1033
1033
1033
1032
1033
1035
1034
1033
1049
1033
1033
1035
1032
1048
1033
1034
1034
1033
1048
1034
1033
1034
1048
1033
1033
1034
1034
1049
1034
1033
1033
1034
1047
1033
1033
1033
1033
1048
1034
1033
1033
1036
1048
1033
1033
1034
1048
1033
1034
1034
1033
1031
1033
1034
1033
1033
1032
1033
1033
1033
1033
1034
1033
1034
1033
1048
1033
1033
1034
1033
1048
1034
1033
1033
1047
1049
1033
1034
1035
1048
1033
1034
1033
1033
1046
1034
1033
1034
1033
1048
1033
1033
1033
1033
1033
1033
1033
1033
1032
1033
1033
1049
1033
1050
1033
1034
1033
1033
1048
1033
1050
1034
1034
1032
1034
1033
1033
1033
1048
1050
1033
1032
1048
1035
1033
1033
1033
1049
1033
1033
1033
1034
1048
1034
1034
1035
1034
1048
1032
1033
1035
1030
1034
1033
1035
1034
1048
1033
1034
1033
1033
1032
1037
1033
1033
1048
1031
1033
1034
1033
1048
1033
1034
1033
1033
1048
1034
1035
1033
1033
1048
1034
1033
1034
1032
1033
1034
1034
1033
1049
1033
1034
1034
1033
1048
1033
1033
1033
1033
1048
1033
1033
1033
1034
1034
1033
1033
1033
1049
1033
1033
1033
1034
1050
1034
1033
1033
1033
1047
1034
1033
1033
1048
1033
1033
1033
1033
1047
1033
1048
1033
1033
1032
1032
1033
1033
1033
1031
1033
1034
1033
1032
1034
1033
1033
1033
1049
1033
1034
1033
1033
1048
1033
1034
1033
1046
1051
1033
1034
1033
1048
1033
1033
1033
1034
1048
1033
1033
1033
1033
1046
1034
1033
1033
1048
1033
1033
1033
1034
1048
1033
1033
1033
1033
1049
1033
1033
1033
1033
1048
1033
1033
1049
1048
1034
1033
1033
1033
1049
1033
1033
1034
1054
1048
1034
1033
1050
1033
1049
1033
1033
1033
1048
1031
1033
1033
1034
1048
1032
1050
1033
1033
1030
1033
1050
1034
1033
1048
1034
1033
1032
1047
1033
1034
1033
1033
1048
1034
1051
1033
1035
1048
1033
1033
1033
1033
1048
1033
1033
1033
1048
1033
1033
1034
1032
1047
1034
1033
1033
1034
1049
1033
1033
1049
1033
1048
1033
1033
1034
1048
1033
1034
1021
1033
1048
1035
1033
1033
1033
1048
1034
1033
1033
1034
1048
1034
1033
1049
1049
1032
1033
1034
1033
1047
1034
1033
1033
1033
1047
1033
1034
1048
1033
1048
1033
1033
1033
1048
1033
1033
1050
1028
1048
1033
1034
1033
1031
1049
1033
1033
1034
1033
1031
1033
1051
1033
1048
1033
1035
1034
1034
1031
1033
1035
1034
1034
1048
1031
1035
1034
1033
1033
1048
1033
1033
1049
1033
1033
1033
1032
1032
1033
1033
1033
1034
1047
1033
1033
1033
1033
1032
1035
1033
1033
1048
1033
1033
1033
1034
1048
1050
1032
1033
1033
1032
1034
1034
1050
1035
1048
1033
1051
1033
1049
1033
1034
1033
1033
1047
1033
1033
1033
1033
1048
1033
1033
1033
1032
1033
1032
1032
1034
1048
1033
1034
1033
1032
1049
1033
1033
1052
1033
1048
1034
1033
1033
1049
1033
1033
1033
1032
1031
1033
1033
1033
1033
1049
1033
1032
1033
1033
1032
1035
1033
1033
1048
1033
1033
1033