D3 1000
999
1003
1017
1027
1019
1013
1002
1025
1025
1000
1020
1016
1000
1016
1019
1011
1004
1021
1022
1007
1008
1010
1031
1014
1014
1022
1017
998
1003
1014
1017
1025
1009
1010
1011
1022
1018
1017
997
1002
1007
1000
1020
1023
1011
1024
1010
1015
1019
1020
1040
1024
1021
1018
1001
1000
1019
1016
1029
1029
1026
999
1018
1014
1032
1032
999
1029
1028
1014
1022
1025
1013
1025
1013
1018
1009
1011
1014
1028
998
1028
1028
999
1012
1022
1030
1015
1019
1011
1030
1031
1033
1014
1008
1018
1020
1014
1013
1011
1028
1024
1010
998
1014
1013
1010
998
1020
1000
1030
1003
1006
1011
1012
1018
1004
1023
1003
1022
1000
1001
1019
1021
1019
998
1004
1004
1027
1041
1016
999
1002
1013
1028
1018
1000
1022
1041
1026
1029
1030
998
1032
1000
1001
1015
1016
1017
1004
1028
1012
1029
1013
1002
1022
1002
1029
1015
1016
1000
1025
1006
1006
1008
1009
1027
1001
1009
1001
1021
1038
1002
1031
1008
1009
1025
1009
1028
999
1043
1008
1011
1031
1030
1031
1014
1029
1011
1015
1014
1014
1015
1006
1016
1017
1008
1012
1029
1012
1007
1008
1015
1016
1001
1005
1028
1013
1022
999
1005
1012
1029
1015
1002
1021
1026
1024
1018
1012
1015
1033
1011
1006
1008
1014
1030
1030
1021
1033
1030
1037
1018
999
1018
1021
1017
1002
997
1021
1022
998
1013
1007
1000
1037
1009
1008
1011
999
1007
1019
1026
1021
1023
1010
1012
1007
1003
1028
1025
1028
1001
1000
1027
1013
1008
1008
1025
1008
1014
1030
1027
1028
1027
1006
1020
1020
1010
1012
1012
1021
1016
1027
1008
1001
1017
1003
1014
1015
1000
1026
1012
1030
1032
1028
1024
1006
1027
1005
1023
1013
1005
1013
1024
1040
1007
1016
1026
1018
1020
1011
1009
1007
1041
1013
997
1028
1011
1032
1007
1004
1012
1036
1004
1001
1004
1006
1002
1001
1028
998
999
1041
1002
1021
1018
1013
1017
1043
1008
1028
1013
1007
1001
1013
1014
1012
1001
1021
1004
1014
1002
1028
1006
1005
1014
1017
1002
1020
1043
1034
1003
1018
1003
1000
1009
1024
1000
1000
1033
1001
1003
1016
1016
1017
1029
1022
1020
1029
1022
1001
1005
1014
1039
1007
1009
1029
1018
1019
1021
1007
1017
1046
1013
1008
1008
1017
1018
1018
1031
1032
1029
1006
1018
1001
1014
1020
1016
1019
1004
1016
1022
1008
1024
1015
1029
1005
1040
1024
1007
1026
1012
1007
1025
1013
1026
1001
1003
1012
1025
1004
1029
1013
1014
1029
998
1010
1002
1016
1001
1021
1001
1004
1016
1026
1026
1009
1004
1019
1011
1012
1014
1046
1022
1011
1028
1005
1018
1010
1013
1013
1013
1020
1020
1003
1013
1040
1028
1018
1011
998
1015
1023
1025
999
1003
1001
1021
1005
1010
1016
1001
1014
1005
1025
1022
998
1004
1008
1029
998
997
1005
1009
1028
1008
1022
1000
1026
1031
1015
1016
1011
1028
1012
1000
1000
1021
1036
1029
1028
1005
1001
997
1010
1016
1005
1024
1017
1012
1013
1024
1027
1018
1019
1019
1025
1001
1011
1013
1013
1017
1019
1013
999
1008
1038
1005
1000
1000
1018
1013
1009
1003
1007
1018
1013
1011
1007
1018
1012
1028
1001
1005
1017
1026
1026
1023
1023
1018
1013
1003
1002
1033
1017
1002
1029
1008
1021
1012
1007
1026
1006
998
1011
1030
1028
1044
1001
1020
1016
1013
1033
1020
1021
1014
1000
1000
1011
1025
1019
1020
1028
1023
1008
1022
1021
1016
1004