D4 1000
1017
1000
998
1016
1000
1001
1000
1014
1017
1019
1001
1016
1015
1019
1000
1021
1031
1000
1000
1000
1015
1018
1019
1000
1000
1016
1014
1020
1016
997
1033
1017
1000
1000
1000
1032
1005
1000
1000
999
1015
1017
999
1000
1031
1000
1020
1004
1017
1020
1000
998
1000
1000
1019
1019
1005
1000
1001
1016
1006
1016
1019
1020
1004
1016
1000
1003
1016
1021
1015
1014
1029
1017
1000
1000
1013
1015
1000
1016
1000
1034
1006
1018
1000
1000
1015
1006
998
1000
1017
1004
1002
1006
1000
1032
1001
1001
1005
1000
1002
1018
1000
1000
999
1003
1000
1000
1000
1015
1002
1017
997
1001
1032
999
1000
1004
999
1016
1001
1019
1000
1002
1000
1000
1016
1000
1015
1000
1004
1017
1015
1000
1017
1005
1016
999
999
1005
1003
1017
1019
1001
1020
1015
1019
1005
1001
1000
1019
1031
1017
1000
1014
1000
1015
1004
1000
1005
1034
1005
1000
1000
1000
1020
1017
1000
1000
1016
1000
1017
1000
1004
1031
999
1005
1000
1017
1031
1017
1000
1000
1016
1013
1017
1000
1017
1015
1004
1000
1003
1021
1015
1020
1000
1000
1014
1003
999
1000
1000
1032
1005
1021
1000
1017
1031
1000
1001
1000
1032
1006
999
1017
1014
1015
1016
1000
1000
1000
1014
1000
1000
1000
1032
1017
1017
1000
1002
1015
1017
1003
1000
1014
1017
999
1000
999
1006
1016
1000
1005
1000
1032
1015
1000
1000
1013
1000
1000
1000
1016
1032
1015
1000
1000
1017
1015
1004
1017
1001
1019
1000
1002
1014
999
1015
1004
1000
1014
999
1016
1017
1017
1000
1032
1003
1000
1000
1000
1033
1000
1004
1014
1000
1016
1000
1020
1000
1017
1004
1000
1017
1001
1005
1000
1000
1003
1018
1000
1000
1000
1000
1014
1017
1000
1020
1002
1013
1004
1000
1000
1032
1000
1014
1000
1000
1000
1004
999
1000
1000
1015
1017
1000
1000
1015
1000
1000
1005
1000
1019
1000
1000
1019
999
1019
1004
1017
1000
1014
1004
1001
1000
1000
1031
1000
1000
1000
1015
1020
1017
1004
1016
1019
1000
1000
1000
1005
1015
1004
1000
1004
1015
1016
1019
1015
1000
1015
999
1017
1000
1000
1000
1000
1004
1032
1003
1003
1000
1016
1016
1020
1017
1000
1014
998
1014
1004
1000
1000
1018
1000
1016
1016
1014
1001
1005
1000
1004
1015
1017
1000
1001
999
1003
1000
1000
1000
1000
1019
1001
999
1000
1020
1017
998
999
1033
1030
1017
1000
1000
1002
1032
1017
1000
1016
1020
1000
1000
1005
1005
999
1005
1016
1000
1015
1001
1000
999
1000
1015
1000
1004
1017
1000
1029
1004
1000
1000
1019
1000
1000
1000
1004
1016
1005
1000
1000
1006
1015
1000
1013
1000
1014
999
1017
1000
1000
1019
1001
1002
1005
1000
1033
1020
999
1000
1033
1004
1000
1017
1001
1031
1004
1000
1016
1000
1016
1000
1000
1000
1013
1017
999
999
1016
1002
1017
1003
1003
1029
1000
1000
1016
1000
1000
1003
1004
1001
1000
1015
1000
999
1005
1031
1017
1000
1004
1004
1032
1016
1000
1001
1019
1004
1000
1000
1000
1032
1000
1016
1000
1001
1029
1001
1000
1016
1015
1003
1000
999
1017
1015
1001
1000
1001
1000
1019
1000
1018
1017
1029
1000
1017
1000
999
1031
1004
1000
1017
1016
1017
1000
1000
1017
1015
1000
1000
1000
1017
1031
1000
1000
1017
1015
1017
1000
1000
1001
1032
1017
998
1004
1000
1016
999
1000
1001
1032
1000
1001
1005
1017
1001
1002
1000
1000