D3 150
161
170
160
159
171
157
173
146
147
178
149
175
158
173
166
149
146
173
154
151
177
148
152
159
157
159
155
151
152
146
157
150
152
145
175
152
142
150
161
160
161
153
152
145
158
171
150
148
159
159
162
155
185
157
146
173
148
159
160
167
146
172
156
167
146
152
170
153
174
145
172
161
157
163
156
156
147
152
176
151
146
164
157
151
169
145
157
155
150
178
171
156
159
172
159
157
154
150
174
172
144
146
175
150
148
159
164
153
153
167
157
152
173
149
156
159
186
176
164
146
154
161
154
156
176
153
155
152
149
153
168
158
146
156
187
157
158
176
147
159
164
150
161
154
146
154
175
155
176
175
161
147
168
165
160
174
148
164
150
173
166
148
166
150
152
174
179
156
148
161
164
170
171
160
165
161
160
161
156
156
167
173
149
153
166
166
158
172
160
176
165
151
175
151
163
155
161
174
152
179
162
149
151
175
160
178
155
148
159
158
154
168
176
178
164
169
153
162
149
167
168
169
174
170
159
148
164
148
164
151
164
159
160
163
153
165
161
190
169
168
158
189
187
186
151
161
162
171
157
164
163
169
150
152
167
173
151
152
178
154
158
160
160
151
152
161
173
149
153
176
172
156
171
149
155
153
171
153
147
159
153
147
160
164
159
171
163
161
179
165
158
157
173
165
172
178
147
152
172
149
175
147
176
152
147
172
148
158
153
155
154
161
159
173
157
155
173
165
177
162
165
170
145
179
171
172
167
150
171
151
147
158
161
159
176
147
180
153
149
172
174
176
157
153
176
174
153
151
149
166
160
158
151
160
146
186
151
156
172
145
160
168
153
168
150
152
169
146
147
149
176
152
157
159
146
156
167
177
155
168
179
156
177
158
147
157
156
147
152
162
158
148
172
156
172
163
149
156
169
175
152
172
163
173
152
170
174
146
166
158
164
150
147
149
156
165
164
176
173
156
151
173
157
146
172
173
164
155
147
154
165
146
144
153
155
158
146
175
146
153
154
153
161
158
147
155
159
150
154
166
173
149
148
153
158
160
178
165
146
155
160
157
168
178
155
172
161
169
150
154
154
156
166
164
146
147
156
172
156
152
171
170
169
163
144
150
173
155
142
155
165
167
145
152
152
172
147
157
153
165
172
159
154
155
162
170
150
150
165
153
148
149
146
158
151
155
159
149
162
152
146
158
162
154
152
162
175
153
149
146
172
157
165
160
160
161
163
178
163
157
157
154
165
154
149
148
170
151
154
146
175
162
159
150
157
161
144
168
173
174
161
167
150
162
163
161
145
157
164
146
172
147
153
176
148
148
172
163
154
153
156
166
145
151
166
153
150
174
156
177
155
156
176
152
162
167
155
156
170
157