D4 150
148
149
167
165
164
149
166
150
149
149
164
164
149
165
147
164
149
165
149
150
147
165
165
148
149
165
149
149
166
149
165
164
164
148
149
148
165
149
148
165
147
166
148
149
149
165
149
148
149
164
165
164
165
165
147
149
165
165
148
150
181
165
164
149
165
149
150
149
148
166
164
149
164
165
167
166
149
148
149
163
150
165
149
151
167
162
166
165
149
164
150
164
166
163
166
164
167
150
147
149
149
150
166
149
165
151
149
149
166
166
149
149
148
182
164
148
149
149
163
150
165
163
149
151
149
148
182
166
164
165
148
165
165
149
165
148
163
149
148
148
149
147
181
166
149
164
165
148
180
166
150
164
165
164
165
165
151
149
149
149
149
148
148
165
148
165
165
164
165
148
180
165
148
166
149
163
166
164
165
164
149
165
180
165
149
149
182
164
166
149
148
163
148
164
164
166
165
165
149
148
165
149
149
149
165
162
149
149
164
165
164
165
164
165
149
164
150
164
165
149
164
165
149
148
150
149
164
165
165
148
165
167
149
165
163
165
164
150
165
145
149
164
149
165
151
166
164
167
149
166
165
166
148
165
149
163
149
165
148
165
150
182
148
180
148
166
149
164
165
164
166
148
149
182
165
148
183
150
164
165
148
183
165
165
163
149
165
148
181
148
166
165
166
149
165
149
165
166
165
165
165
166
180
164
150
181
164
165
165
181
150
148
165
164
147
164
149
165
148
182
149
165
181
165
149
148
165
165
165
181
149
165
149
182
165
165
164
165
181
165
149
148
165
164
165
149
149
149
165
149
148
151
149
164
147
149
166
149
181
151
164
165
164
165
164
165
164
165
164
165
165
149
148
165
165
148
165
147
165
166
148
165
148
149
148
164
163
148
165
166
180
149
163
181
148
181
181
165
149
167
181
148
148
166
165
166
164
182
166
149
182
165
166
165
164
149
148
165
148
148
164
164
148
166
164
148
165
149
164
149
181
164
165
148
148
165
149
163
148
164
165
165
149
164
149
149
165
164
146
164
166
180
149
149
148
165
163
166
164
166
164
180
165
165
148
148
165
149
164
150
149
165
163
148
149
148
149
165
165
148
148
148
149
148
165
166
148
164
151
165
165
148
165
165
151
149
148
181
164
165
148
148
164
181
165
148
149
165
148
182
164
164
149
165
148
148
165
165
182
149
166
165
164
180
148
182
148
148
164
150
165
182
149
163
167
148
164
148
181
148
149
181
148
149
148
181
165
149
149
165
149
165
180
166
165
164
148
149
148
149
149
149
149
165
164
163
148
148
165
181
149
165
150
180
165
166
165
149
180
165
165
163
149
147
149
181
149
149
181
164
150
148
165
163
150
149
149
149
166
165