D1 150
8
9
7
9
8
10
11
8
7
9
9
7
8
9
8
7
8
6
8
9
12
7
10
9
9
10
10
9
9
9
8
7
10
8
9
9
4
10
10
9
9
9
10
9
11
8
9
9
10
8
9
8
13
11
9
11
11
8
8
14
10
9
8
9
7
12
19
11
10
8
9
10
12
10
7
10
10
11
9
10
9
10
9
11
10
9
10
11
9
12
12
11
9
9
7
10
9
10
12
9
6
9
12
10
9
13
7
9
12
10
10
12
10
10
11
9
12
11
8
6
10
15
9
10
9
9
10
11
8
11
8
9
9
11
11
13
8
13
6
11
6
9
10
13
10
11
10
10
10
12
10
9
9
8
9
10
9
9
10
9
9
8
11
9
9
7
29
7
8
12
12
9
9
9
14
10
11
10
8
10
11
8
9
8
9
14
8
10
8
9
10
10
10
11
10
10
9
8
11
9
9
11
10
11
8
18
14
7
9
9
12
9
14
9
10
8
8
9
10
6
10
10
12
11
7
6
9
7
11
10
11
7
11
12
14
7
10
9
10
9
12
11
11
12
11
11
17
8
12
8
12
11
12
11
10
14
9
9
14
8
9
8
12
14
7
8
11
10
9
10
10
10
8
10
10
11
10
9
7
9
10
8
8
10
9
8
8
8
11
9
7
8
8
9
10
8
8
10
9
9
8
11
29
10
8
11
6
10
8
8
12
9
9
11
8
9
9
8
9
8
7
10
8
10
11
9
9
9
11
10
9
9
9
9
8
7
9
10
8
11
8
19
9
8
5
7
8
10
8
9
10
13
9
10
10
10
9
10
9
10
10
8
9
10
8
9
11
10
10
9
8
10
11
9
8
9
5
9
10
9
19
9
9
10
4
8
9
10
9
10
9
8
10
9
9
14
10
9
11
9
11
7
10
9
8
9
9
7
8
12
9
8
6
8
8
10
7
8
8
7
8
9
9
9
9
9
9
11
8
8
13
8
6
11
10
9
9
8
8
9
9
10
7
8
9
10
9
9
10
9
11
10
7
8
9
7
8
10
8
10
9
13
16
8
9
9
8
10
8
8
11
10
10
8
8
5
8
9
9
9
8
10
9
7
8
11
9
16
6
10
7
9
6
10
11
8
8
9
8
9
10
10
9
9
9
17
8
7
7
10
9
8
8
10
9
8
9
9
11
8
8
9
10
8
10
10
14
8
7
7
6
10
10
11
9
9
11
10
10
9
12
12
9
10
10
9
11
9
8
8
8
9
9
11
9
14
7
10
13
9
8
11
9
7
9
13
6
7
8
5
8
6
8
12
8
8
10
9
9
8
10
8
8
9
12
9
9
8
9
8
9
10
9
10
8
10
9
8
8
8