D3 400
415
414
410
413
416
406
410
408
406
404
400
402
417
413
403
414
414
412
416
409
410
410
404
412
406
404
412
401
400
409
403
401
407
416
414
409
413
410
407
413
404
411
402
413
407
410
402
403
415
405
412
408
408
415
412
409
409
407
411
415
405
414
412
414
415
401
412
404
411
404
416
404
409
409
407
408
411
405
414
404
401
411
404
404
415
416
401
402
405
412
404
413
413
409
410
415
418
405
403
402
405
403
405
413
412
404
415
415
405
415
405
416
405
406
400
403
415
417
408
404
409
407
401
405
406
403
416
413
415
411
413
407
410
412
408
407
402
405
411
405
408
402
407
403
404
403
408
416
404
406
407
412
410
408
411
407
411
410
411
408
405
406
412
409
402
408
406
407
402
409
411
414
403
413
410
412
403
411
411
416
411
415
405
407
411
415
411
410
416
417
415
401
406
408
417
404
413
413
403
409
417
409
411
414
414
403
401
406
407
416
416
408
416
412
406
415
411
416
414
417
411
404
409
413
404
402
408
415
408
417
403
412
409
415
408
402
403
416
413
415
415
409
404
411
406
409
407
416
402
412
402
403
402
413
410
402
408
413
416
413
402
405
405
414
401
407
410
410
413
402
405
407
410
403
408
401
412
408
402
407
414
413
417
411
414
416
417
415
402
406
412
412
417
411
410
405
409
413
413
409
413
405
412
408
409
414
407
406
409
404
404
413
406
404
412
408
407
411
412
409
405
403
412
412
412
404
405
419
414
404
409
402
418
402
416
415
411
414
403
415
408
405
415
411
407
418
404
407
414
403
415
414
405
404
407
410
416
413
409
410
413
412
412
401
402
415
414
401
409
413
415
413
414
416
404
403
406
412
413
414
408
415
414
412
408
404
402
408
400
412
411
412
402
406
405
404
412
413
404
407
409
418
416
409
414
412
415
413
414
413
416
407
420
402
407
404
413
411
408
408
412
412
413
410
413
410
401
412
408
414
400
404
406
413
402
416
409
403
408
404
403
413
403
401
416
402
409
409
404
408
408
412
409
415
407
405
415
408
416
413
402
405
408
406
405
414
413
404
410
404
406
414
410
413
415
411
404
416
405
407
414
401
407
411
407
401
417
408
405
400
414
416
409
403
405
414
401
401
414
410
410
417
402
413
402
412
404
409
414
408
404
402
410
404
401
412
413
402
409
403
407
402
412
414
414
416
409
407
407
416
416
408
404
412
402
416
405
415
413
402
408
402
417
409
413
415
412
411
417
407
408
412
408
415
409
403
407
417
407
402
412
405
413
407
415
406
404
413
410
403
409
409
403
409
404
403
404
411
412
416
402
408
406
413
405
404
414
408
415
409
411
403
403
404
406
416
412
403
417
402