D4 400
400
400
400
398
401
400
401
414
411
400
398
399
416
410
401
399
417
399
412
399
400
399
400
412
400
398
400
401
411
400
400
399
399
411
400
399
401
399
411
399
398
400
400
412
401
400
401
401
412
400
399
401
400
412
401
399
400
402
410
400
399
399
399
412
400
417
400
416
410
400
399
401
401
412
399
399
400
399
412
400
415
401
401
411
400
401
400
400
413
401
400
401
400
410
400
400
399
399
412
400
400
400
416
410
401
401
416
399
410
401
417
400
398
411
416
399
401
399
410
400
400
400
400
412
414
400
416
401
411
414
417
401
415
410
402
401
400
399
413
400
415
415
402
411
401
400
400
401
411
400
399
402
402
411
400
400
400
400
410
399
401
401
399
410
400
399
398
400
410
399
400
400
415
411
399
399
399
416
412
400
415
400
399
412
400
400
401
400
410
400
400
401
416
412
399
417
400
416
414
399
414
399
400
411
399
398
402
403
411
402
414
400
414
410
402
400
402
400
411
416
416
416
398
410
401
399
399
401
413
399
414
417
402
410
400
399
415
400
412
400
418
399
399
413
400
396
399
400
411
401
400
400
402
412
400
399
416
401
411
401
400
402
401
411
416
400
401
416
414
399
402
401
415
410
400
399
400
400
411
399
414
398
399
411
416
400
402
399
411
416
414
399
400
411
402
400
400
399
410
400
400
399
402
410
400
399
402
399
411
399
404
400
400
410
401
400
401
400
413
400
399
402
399
410
399
400
400
398
410
399
403
401
417
411
400
397
399
415
411
401
398
399
399
410
400
400
400
400
410
402
399
399
399
410
417
400
416
400
411
402
400
415
399
413
416
414
402
400
410
415
401
400
416
410
400
399
402
400
411
401
415
400
400
411
399
416
416
399
411
399
400
398
400
412
400
399
399
416
410
401
399
401
416
411
403
402
400
400
411
400
399
400
415
412
402
400
400
400
410
400
399
401
399
413
400
401
400
399
412
402
400
400
399
413
402
399
399
400
410
399
399
417
417
412
401
417
399
400
411
402
400
402
400
412
400
417
400
400
411
400
415
400
398
410
399
401
399
400
411
399
399
400
400
413
401
402
400
414
410
400
400
401
400
413
401
400
399
402
412
400
416
399
400
411
400
400
399
401
411
400
414
399
400
411
403
399
402
400
411
399
400
400
399
410
399
402
400
399
412
400
415
400
400
409
400
398
399
400
412
400
400
400
400
411
400
399
401
401
413
402
404
417
417
414
402
399
402
399
412
401
399
401
401
413
400
415
399
399
410
400
402
401
400
413
399
400
400
399
413
400
399
415
400
411
401
415
400
399
410
399
400
400
399
410
400
399
400
399
410
401
400
402
399
413
401
400
402
399
410
400