D3 150
165
154
157
165
160
152
165
150
167
163
164
165
165
165
165
161
163
164
165
164
163
160
152
162
153
167
160
159
152
164
161
162
166
161
159
158
151
152
167
166
164
151
167
163
161
160
154
165
161
158
154
153
158
154
151
150
153
165
158
161
162
156
168
165
160
154
166
160
155
156
158
154
162
160
154
152
155
154
152
160
158
153
152
163
164
160
151
157
151
165
158
161
153
151
162
154
153
164
160
159
166
158
159
151
162
160
154
156
152
163
151
161
158
154
164
162
157
158
152
168
161
156
156
164
162
162
156
156
166
161
160
165
157
155
165
162
160
155
166
163
161
163
158
154
162
157
155
151
163
164
159
156
152
167
162
167
165
156
163
159
159
152
151
162
162
166
165
158
154
167
164
162
155
166
151
152
164
167
151
162
164
156
152
163
159
154
166
165
157
153
167
163
162
157
154
162
167
166
161
157
163
166
157
162
156
151
166
161
158
157
156
152
150
161
161
162
159
159
157
164
160
155
153
161
161
155
158
169
152
162
158
151
153
164
163
159
155
165
161
159
157
151
163
158
153
167
167
159
166
150
166
163
164
155
151
151
152
151
161
155
160
154
160
163
158
160
152
167
157
154
166
162
153
164
160
153
164
159
154
166
157
155
166
158
153
167
155
154
165
151
150
150
168
164
162
162
154
158
155
164
152
167
164
165
161
160
153
151
154
162
156
152
153
152
152
155
157
163
162
160
155
153
167
162
158
154
151
161
155
161
164
160
155
152
164
157
158
151
158
154
152
164
165
157
151
151
162
155
165
153
165
160
153
153
166
162
155
166
151
164
163
162
158
159
152
164
152
164
160
152
151
162
153
167
165
153
151
160
157
161
159
161
165
159
153
167
161
153
162
157
153
163
157
156
153
166
155
152
153
166
150
154
151
163
160
156
153
154
165
151
152
164
158
166
162
155
157
152
152
153
152
164
158
160
155
152
167
166
167
161
163
161
152
164
160
158
152
152
164
158
151
164
157
154
152
160
155
164
153
162
154
151
168
159
161
160
163
159
155
165
161
152
152
151
167
164
160
161
152
168
150
163
160
163
165
160
154
164
160
157
153
161
162
163
167
162
154
167
152
151
162
153
167
166
161
153
166
164
152
153
158
153
162
163
153
152
163
158
158
154
150
152
152
163
156
152
151
152
163
155
152
158
153
164
159
154
163
161
161
163
165
159
154
167
165
162
158
161
166
163
160
166
152
153
152
163
163
161
154
152
158
155
165
152
152
167
160
153
158
159
151
165
159
153
159
159
167
161
152
151
162
160
152
163
157
158
166
158
152
163
166
163
156
153
164
162
156
152
152
163
161
155
151
164
163
160
159
163
167
165