D4 150
148
150
148
148
148
149
149
148
149
162
149
149
148
149
148
149
149
148
149
148
148
149
149
148
149
149
149
147
163
148
148
150
148
165
149
148
149
149
148
149
149
147
148
148
149
148
148
149
149
149
151
148
161
149
149
151
149
149
149
150
151
149
148
149
149
148
149
149
148
149
148
148
149
147
149
148
149
148
148
150
148
148
149
150
150
149
148
148
149
149
150
144
149
148
149
151
148
148
164
148
148
153
166
149
148
149
149
149
166
150
148
164
148
165
149
149
148
166
149
150
150
148
149
148
149
148
148
150
148
150
148
148
149
149
148
151
149
149
148
151
151
150
150
148
149
149
149
148
149
148
149
148
165
149
166
150
165
149
148
148
149
149
149
149
148
148
149
149
149
148
149
148
149
151
148
149
149
149
149
151
150
149
149
151
149
148
148
148
149
148
148
148
149
148
147
163
148
148
148
149
162
148
148
148
149
148
148
148
149
148
148
148
165
149
150
149
149
165
150
150
145
163
166
150
149
149
150
164
149
148
145
150
148
148
163
149
148
149
150
150
148
149
148
148
150
148
148
148
148
148
162
149
148
150
150
148
148
163
148
148
148
149
149
148
150
148
149
149
149
149
148
148
148
148
149
149
149
148
148
148
148
149
149
148
148
148
147
148
148
162
150
149
149
149
150
148
151
148
150
148
150
148
149
150
149
149
150
165
148
148
147
148
149
148
148
148
148
148
149
146
148
149
149
165
149
150
148
150
149
150
149
164
148
149
150
150
165
149
148
150
149
148
148
164
149
149
148
149
150
164
149
149
148
149
150
149
148
163
148
149
150
151
148
148
148
149
148
148
148
148
148
148
149
148
149
150
148
148
148
149
148
149
165
148
150
148
149
149
149
148
149
148
149
150
148
148
150
148
148
148
163
149
149
148
149
149
149
148
149
151
148
165
148
148
150
150
148
150
149
163
148
149
150
148
148
149
148
148
159
148
148
165
150
149
151
148
149
148
159
148
148
148
149
148
149
150
148
149
166
148
150
150
149
148
149
149
147
161
150
165
150
150
148
149
167
149
149
148
148
149
149
148
165
152
149
148
163
149
150
150
149
150
151
149
166
148
151
149
165
148
148
148
148
148
149
163
148
150
165
149
151
165
148
148
150
149
149
148
148
148
148
148
149
149
163
149
149
149
148
149
148
148
148
148
149
165
150
148
148
165
148
150
148
148
148
151
148
149
149
148
148
149
148
149
164
149
148
165
148
148
148
148
148
148
149
149
150
148
148
148
150
165
149
148
150
148
150
150
146
148
149
163
150
148
149
148
149
147
149
149
149
149
150
149
148
148
148
149
150
150
150
149
147
148
148
148
148
148
165
149