D3 150
153
155
166
151
164
156
164
162
158
154
153
151
152
151
165
166
159
152
152
163
162
160
159
158
163
165
165
151
164
166
151
152
168
164
161
158
153
150
165
151
151
151
154
165
157
154
152
162
157
154
164
158
165
164
166
161
152
160
153
152
166
164
155
153
167
159
154
166
161
160
160
160
167
153
152
150
159
168
151
161
167
160
164
152
153
165
153
162
165
157
151
161
154
164
161
167
161
155
168
164
162
162
155
165
160
153
161
160
151
157
159
154
166
163
156
164
155
157
153
167
168
162
167
163
154
167
161
166
159
165
160
153
164
161
152
163
156
154
161
153
159
153
166
159
153
161
166
152
162
153
151
155
166
158
168
161
155
163
158
153
158
152
161
156
153
162
153
157
151
162
155
166
158
152
165
157
166
166
161
167
159
165
151
164
160
153
162
159
153
164
156
162
160
151
162
155
164
153
166
161
154
160
155
167
157
165
159
154
160
166
163
155
162
161
152
163
162
156
151
162
167
165
154
152
164
158
152
163
154
163
161
153
152
160
167
166
163
156
166
161
166
161
153
161
153
164
164
160
154
165
161
159
153
165
160
159
163
168
162
156
150
166
162
159
163
164
162
154
165
167
159
168
161
155
163
154
158
153
168
163
153
161
155
153
166
152
153
151
161
152
162
154
165
163
157
162
161
151
164
156
153
162
151
161
153
161
152
153
153
161
168
164
155
162
158
166
159
152
165
161
153
164
161
161
162
156
152
163
155
154
166
165
158
165
161
160
166
153
161
151
163
157
169
162
153
151
166
153
166
160
164
159
152
166
159
164
161
151
156
152
163
158
151
167
161
164
160
168
162
158
152
164
162
162
157
154
152
165
152
166
159
167
161
154
165
152
165
154
155
164
163
155
167
157
155
157
159
167
164
168
153
166
159
167
158
154
163
156
166
154
162
155
165
154
160
152
165
160
159
153
164
169
165
156
151
159
154
165
156
154
167
159
155
163
162
166
160
153
160
166
165
159
167
159
159
162
153
164
155
168
166
164
168
165
154
154
163
158
166
165
161
160
151
156
162
154
160
167
163
155
166
155
152
164
154
152
166
161
153
163
158
166
161
156
160
154
152
166
162
153
166
162
151
162
153
163
153
164
161
152
166
161
153
151
164
157
165
165
153
163
157
151
167
160
154
151
151
165
156
153
157
165
158
166
155
164
161
154
164
157
162
153
164
155
154
163
156
161
153
151
160
167
160
153
158
151
164
162
168
165
162
161
165
157
154
158
164
159
164
159
152
159
153
165
157
152
160
166
162
158
153
160
153
163
162
152
160
166
161
151
160
156
167
165
156
161
154
153
161
160
165
166
156
168
167
161
166
161
162
154