D4 150
148
148
151
148
149
148
148
148
149
148
149
149
149
149
149
149
148
149
149
148
150
148
148
148
148
149
148
149
149
148
148
149
149
148
149
149
149
148
148
149
149
165
148
149
148
149
149
149
149
148
148
149
149
148
149
150
148
148
149
149
149
165
148
148
165
150
164
147
150
148
166
148
150
147
150
148
150
150
148
149
150
148
150
166
149
150
150
150
149
149
162
165
148
148
150
149
149
149
149
149
149
165
149
149
149
149
150
148
148
148
148
148
148
149
148
148
148
149
148
148
149
148
149
148
165
149
148
150
148
149
150
148
148
148
149
148
148
171
148
148
150
148
149
151
151
149
149
147
148
148
149
148
149
148
148
149
149
148
165
149
149
148
148
149
148
148
148
148
149
148
148
149
149
148
149
148
150
149
149
149
165
149
148
149
165
150
149
150
149
149
163
149
148
148
150
148
149
148
148
149
165
148
149
165
148
164
148
148
149
161
149
165
149
150
149
148
149
150
149
150
149
149
165
148
148
149
149
165
149
149
148
148
149
149
149
149
162
149
149
149
148
150
148
149
148
149
149
149
148
149
148
148
149
149
151
148
147
149
149
148
165
148
150
150
148
148
165
148
150
149
148
148
151
149
147
148
148
149
148
148
149
149
148
148
148
163
151
150
148
150
148
165
150
149
164
149
147
165
148
166
148
149
148
149
148
149
150
164
148
149
165
149
147
148
149
149
148
148
149
167
148
165
151
164
150
149
148
149
150
150
149
149
148
149
150
148
148
149
148
149
148
165
148
150
149
165
149
148
163
148
150
149
150
148
151
158
149
148
148
148
149
150
149
149
149
150
148
149
150
148
148
148
151
151
148
151
150
150
149
150
148
148
149
149
166
150
148
148
148
148
151
149
148
148
148
148
148
149
148
148
149
148
148
151
149
149
148
149
149
149
149
148
149
164
149
150
148
150
148
150
149
149
149
164
163
149
165
149
151
148
148
166
150
149
148
152
149
148
149
148
148
149
163
148
149
148
148
148
149
149
149
148
165
165
163
148
149
148
149
149
151
164
149
149
149
148
149
164
148
148
149
148
149
148
148
148
165
148
149
149
150
149
149
148
149
150
148
149
149
148
148
148
148
148
148
149
148
149
148
163
149
148
148
149
149
148
150
149
149
148
165
165
149
149
148
149
149
148
163
148
148
148
149
148
165
148
148
149
165
149
151
148
149
149
148
149
148
149
149
163
163
149
164
148
150
149
150
149
149
149
149
166
151
149
165
149
162
149
148
149
148
149
148
151
165
149
149
148
150
148
148
149
166
165
148
148
148
150
148
165
149
150
148
165
148
148
148
149
149
149
148
148
150
164
147
149
165
149
148
150