D3 150
181
171
178
171
163
190
155
182
183
184
201
187
180
194
181
162
184
151
177
160
196
166
190
195
211
172
161
200
214
160
174
180
185
154
156
169
203
209
189
201
148
152
172
178
162
179
181
159
162
158
184
160
201
162
205
295
192
207
206
185
221
184
181
169
215
247
190
193
188
144
185
161
167
174
181
177
167
164
232
206
169
162
194
199
179
211
156
170
199
157
158
194
180
172
160
159
167
179
161
183
168
198
202
167
160
143
178
200
160
168
179
160
184
180
177
167
177
158
170
175
165
176
180
208
171
178
190
159
167
176
180
185
202
177
208
168
195
195
165
159
178
155
160
178
159
188
152
141
214
179
177
187
142
169
200
163
168
156
217
174
164
177
216
159
171
149
161
173
171
155
159
154
191
173
170
168
171
204
166
178
164
184
189
171
159
162
173
174
163
177
165
193
171
185
155
189
171
165
181
157
201
177
158
168
202
201
199
173
156
170
184
185
165
194
168
162
181
172
176
174
185
197
176
180
181
179
162
164
191
174
207
206
202
178
161
173
161
209
172
187
193
167
185
173
196
180
165
180
203
170
232
207
174
176
173
152
167
156
163
147
174
202
195
192
160
178
162
198
177
212
157
168
192
178
172
189
178
169
163
195
191
151
183
203
158
206
156
187
173
202
185
171
149
184
168
162
161
175
225
190
165
194
154
151
193
203
177
182
170
180
185
166
180
203
171
163
165
182
144
189
210
166
165
172
163
168
165
226
188
167
189
169
184
167
183
161
160
170
170
208
151
206
167
159
196
160
197
191
155
187
176
174
179
167
409
180
248
171
158
166
188
173
163
182
176
167
528
176
192
181
194
182
198
164
164
204
163
160
233
156
161
164
154
161
159
153
178
155
269
166
152
185
186
161
180
172
162
144
158
210
191
191
145
202
167
187
174
208
157
173
183
170
159
166
191
158
187
145
155
185
384
171
159
183
166
199
175
183
151
219
359
144
178
182
157
166
169
214
188
167
589
167
176
185
166
167
163
154
188
179
155
160
162
197
162
177
179
179
234
184
471
165
167
156
188
169
170
152
170
185
163
182
153
176
360
178
177
163
167
153
152
171
768
188
182
163
176
184
194
152
604
183
156
158
179
178
153
212
163
174
629
184
153
196
179
175
178
161
522
205
190
188
185
210
176
166
145
202
163
143
172
156
182
167
152
170
178
158
192
193
530
171
191
163
178
160
198
170
638
164
219
159
177
155
633
160
172
156
172
158
158
169
555
169
178
155
165
167
778
155
153
161
168
148
183
168
161
190
170
190
804
165
172
186
157
154
752
205
184
167
174
177
198
166
203
685
154
176
203
185
168
174
156
193
189
663
193
184
154
168