D4 150
174
146
162
164
160
144
178
165
167
161
151
163
153
162
162
151
183
155
158
151
147
164
146
162
165
147
159
162
166
155
161
165
147
147
171
163
177
165
163
149
181
147
177
164
148
149
167
154
176
156
152
177
176
162
154
172
166
161
163
169
161
162
149
146
147
189
146
164
146
147
145
145
145
169
163
144
151
172
145
162
161
150
146
160
177
176
162
145
160
158
147
163
149
159
149
152
157
161
173
157
159
162
160
155
173
159
157
165
172
162
162
147
147
178
162
170
177
166
159
146
177
154
162
182
148
179
162
180
164
172
150
149
145
215
152
178
178
161
167
145
163
166
166
167
150
150
166
165
165
166
148
166
161
163
167
164
166
177
178
184
148
163
152
164
178
148
159
159
156
164
156
176
167
145
145
167
156
145
168
154
154
161
161
165
162
152
153
162
160
155
174
148
153
147
170
175
153
165
162
156
177
210
146
151
152
158
161
162
167
146
165
175
162
146
163
167
163
151
158
159
147
160
161
159
162
160
164
162
144
168
162
162
147
149
173
161
163
147
145
162
147
172
162
179
163
164
175
163
165
180
162
163
178
163
176
151
153
159
149
176
165
168
147
162
169
165
180
165
146
163
171
183
149
166
148
166
162
153
171
171
177
149
184
162
170
152
160
163
156
150
147
154
167
166
168
171
171
154
179
161
153
176
152
150
145
161
154
159
162
145
147
147
167
151
160
156
151
157
145
144
160
153
160
163
149
162
153
166
147
148
179
159
157
147
148
147
144
155
162
165
146
153
170
155
146
154
161
174
154
160
150
148
151
152
164
153
148
163
147
151
170
177
152
159
167
147
179
150
162
158
161
148
160
164
150
157
173
163
183
161
161
159
154
166
151
226
152
166
171
158
179
149
164
160
153
175
165
161
146
150
147
161
156
178
146
145
167
150
161
151
152
172
176
149
146
145
146
160
152
178
164
170
176
157
162
153
173
153
152
178
152
180
190
174
162
150
147
146
161
168
154
168
147
151
165
168
156
162
158
145
162
160
153
192
158
169
166
175
160
176
158
153
161
182
163
151
170
155
161
145
161
161
153
164
163
171
160
147
147
161
164
163
161
178
181
164
173
150
150
166
158
165
181
149
150
146
163
168
166
157
149
161
148
162
146
155
165
148
148
165
148
232
163
164
154
147
163
168
171
174
152
143
167
164
146
171
170
145
159
165
161
182
161
177
174
160
150
150
177
154
215
157
163
165
149
162
158
179
162
161
146
147
163
171
152
163
179
162
163
161
152
161
146
151
177
147
149
182
162
231
165
156
159
190
181
152
148
147
159
141
147
162
162
146
170
170
178
157
161
163
148
158
162
164
182
166
169
162
161
164