D1 150
13
15
20
22
14
23
9
17
20
22
19
17
19
20
16
21
7
9
12
11
12
21
23
25
23
17
6
25
25
6
21
22
16
16
14
9
24
20
16
11
7
6
24
12
23
19
18
16
12
12
18
22
18
21
16
13
23
21
11
22
7
22
19
16
27
22
18
23
6
9
18
21
16
13
14
6
15
19
12
16
19
24
17
19
14
25
13
17
21
16
14
5
13
16
12
7
14
19
17
20
17
16
17
6
14
6
25
24
16
7
12
10
15
19
23
18
11
13
15
23
13
20
23
24
15
21
15
12
17
7
13
14
15
12
17
20
21
18
6
15
20
16
15
15
17
8
16
6
17
17
23
17
6
15
28
8
13
7
16
22
11
9
17
6
16
11
21
7
16
16
17
5
10
16
16
13
12
16
17
19
16
15
17
19
8
21
27
17
18
23
18
6
19
13
13
24
25
15
29
13
13
15
20
20
17
29
22
7
17
16
16
14
8
17
16
13
13
16
28
10
17
22
15
11
18
15
18
19
15
25
20
16
10
15
16
22
21
12
20
19
19
16
24
16
7
14
22
13
29
15
14
15
19
8
11
13
13
15
11
9
17
19
17
17
7
10
6
15
23
14
15
13
23
21
13
12
15
12
24
14
19
6
12
13
14
10
15
17
13
19
7
16
6
16
16
17
15
21
8
21
18
14
10
6
21
16
23
18
16
15
18
29
18
20
13
18
7
16
7
5
18
17
9
16
10
18
16
19
19
17
20
16
16
16
22
15
18
21
18
22
13
24
23
17
21
15
28
6
18
22
17
16
23
18
12
21
16
10
13
17
12
22
19
16
21
23
14
22
22
18
18
21
14
20
15
18
11
18
18
6
7
22
6
13
16
17
7
6
13
21
12
6
16
22
18
21
6
7
16
13
16
16
6
13
27
14
20
11
19
15
19
15
18
18
16
22
6
8
17
14
13
7
6
23
13
22
24
20
15
15
14
6
27
21
11
24
15
6
21
16
10
6
23
18
6
20
11
16
16
24
13
14
17
13
16
16
15
18
12
20
22
14
23
17
19
15
22
13
19
21
17
22
10
19
6
18
17
23
8
17
8
19
13
15
25
20
16
18
22
16
13
25
18
6
7
11
6
12
8
8
5
8
15
26
15
15
6
21
7
19
19
19
17
21
17
15
6
15
16
5
6
17
16
17
16
13
14
15
15
14
24
18
23
22
17
18
18
19
7
17
23
18
7
10
14
12
17
15
16
5
15
19
6
17
16
17
13
23
24
10
8
24
5
12
23
14
16
14
15
14
16
14
16
18
20
15
12
16
16
17
19
20
21
23
21
17
15
16
27
22
11
19
18
19
16
14
25
28
14
19