D1 150
6
2
2
2
2
2
2
1
2
1
2
1
1
2
1
2
1
2
2
1
2
2
1
2
1
1
4
2
4
1
1
2
1
1
2
2
1
2
4
2
2
1
1
1
2
2
2
2
2
2
2
2
2
1
3
1
1
1
2
2
1
1
2
1
1
2
1
1
2
1
2
2
1
1
2
2
2
1
1
2
1
1
1
1
3
2
2
2
2
1
2
3
3
2
2
2
2
1
1
2
2
2
1
1
2
3
2
1
1
1
2
2
1
1
2
1
1
1
1
3
2
2
1
2
1
1
1
1
1
2
1
1
2
2
2
1
2
1
2
1
2
2
2
1
2
1
2
2
2
2
1
2
2
1
2
1
2
1
2
1
2
2
1
2
2
1
1
2
2
2
1
2
2
2
2
1
1
2
2
2
2
2
2
2
1
1
2
1
1
2
3
1
2
2
1
1
3
1
2
3
1
1
2
2
1
2
3
2
2
2
2
2
2
2
1
2
1
2
1
1
4
1
2
3
1
1
5
1
1
2
3
1
1
2
1
2
2
3
1
1
2
1
2
3
1
2
2
1
2
1
1
2
1
1
1
2
2
2
1
2
1
1
1
2
1
1
1
1
1
1
1
2
1
2
2
3
2
2
1
2
1
2
1
1
1
2
1
1
1
2
1
2
1
1
1
1
3
1
2
1
1
1
1
1
2
2
2
1
1
1
2
3
1
1
2
1
1
2
1
1
1
2
2
2
1
1
3
2
3
2
2
2
2
3
2
1
1
1
1
1
1
1
2
2
1
4
1
2
2
3
1
1
2
4
1
2
5
1
3
1
1
1
2
1
1
1
2
1
1
2
2
2
1
2
1
1
1
1
1
2
2
2
1
1
2
2
3
1
1
1
1
2
1
2
2
1
2
2
1
2
2
2
1
3
1
2
1
1
1
1
2
2
2
1
1
2
2
3
1
1
2
2
2
2
1
2
2
1
2
2
1
2
1
2
3
2
2
2
2
2
1
1
2
3
2
1
2
2
2
1
2
1
2
2
2
2
1
2
2
2
1
1
2
4
1
3
1
3
2
3
1
1
1
1
3
1
2
1
2
1
1
1
3
1
1
1
1
2
2
2
1
2
2
1
1
2
2
2
3
2
2
2
2
2
1
1
1
2
1
2
1
2
2
1
1
2
1
1
2
1
1
2
1
1
2
1
1
2
3
2
2
2
2
2
1
1
1
2
2
2
5
1
3
2
1
1
2
1
1
2
1
1
5
2
1
1
1
1
1
2
1
2
2
3
1
1
2
1
2
2
3
2
1
2
1
1
1
2
1
2
1
1
1
1
1
1
2
2
2
2
1
2
1
2
1
1
2
1
2
1


D2 150
0
1
1
1
1
1
2
1
1
1
1
1
1
1
0
1
2
0
1
1
0
1
0
1
1
1
1
0
1
1
1
1
1
1
1
1
1
0
1
1
1
0
1
1
1
1
1
1
1
1
1
1
2
1
1
1
0
1
1
1
1
1
1
1
1
1
1
1
0
1
1
1
1
1
0
1
1
1
0
1
1
0
0
1
0
1
1
1
0
1
0
1
1
0
1
0
1
1
0
1
1
1
1
1
0
0
1
1
1
1
1
1
1
0
1
1
1
1
0
1
1
0
1
1
0
1
1
1
1
1
0
1
1
1
0
1
1
1
1
1
1
1
1
0
1
1
0
0
1
0
1
1
1
0
1
1
1
1
1
0
1
1
1
1
1
1
1
1
0
1
1
1
1
1
1
1
1
1
1
1
1
1
1
1
1
1
1
1
1
1
1
1
0
1
1
1
0
1
1
1
1
0
1
1
2
1
1
1
1
1
1
0
1
0
0
1
1
1
0
1
1
1
1
1
1
1
1
1
1
1
1
1
1
1
1
1
1
0
1
1
1
1
1
1
0
1
1
1
1
1
0
1
1
1
1
1
1
2
0
1
1
0
1
1
1
1
1
1
1
0
0
1
2
1
1
1
1
1
1
0
0
0
1
0
1
1
1
0
0
2
1
1
1
1
1
1
1
1
1
1
1
1
1
1
0
1
1
1
1
1
1
1
1
1
1
1
1
1
1
0
1
1
1
0
0
0
0
1
1
1
0
0
1
1
1
1
1
1
1
1
0
1
1
1
1
1
1
1
0
1
1
1
1
0
1
0
1
1
1
1
1
1
1
0
0
1
0
1
1
0
0
1
1
1
1
1
1
1
1
1
1
2
1
0
1
1
0
1
1
1
1
1
1
1
1
1
1
0
0
1
1
1
1
1
1
0
0
1
1
1
1
0
1
1
0
1
1
0
1
1
1
1
1
1
1
1
1
1
0
1
1
1
1
1
1
1
0
1
0
0
0
0
0
1
1
1
1
1
1
1
1
1
0
1
1
0
1
1
1
0
1
1
1
1
1
1
1
1
1
1
1
1
1
1
1
1
1
1
1
1
1
0
1
1
1
1
1
1
1
1
1
1
2
1
1
1
1
1
0
1
1
0
1
1
0
1
1
1
1
1
1
1
1
1
1
1
0
1
1
1
1
0
1
1
0
1
1
1
1
1
1
1
2
0
1
1
1
1
1
1
1
1
1
1
0
0
1
1
1
1
0
1
0
1
0
1
1
0
1
1
0
1
1
1
1
0
1
1
0
0
1
1
0
1
1
1
1
0
0
1
1
1
1
1
1
1
0
0
1
1
0
1
0
0
1
1
0
1
0
0


D3 150
193
190
169
184
183
191
168
171
184
171
169
178
178
165
179
167
169
196
179
182
191
195
189
193
167
189
175
196
179
183
178
179
163
173
170
175
185
175
174
176
169
188
168
188
171
192
167
166
177
179
191
192
169
176
193
193
176
183
171
175
168
168
169
169
178
169
164
169
170
177
172
179
190
180
192
167
168
195
179
173
165
165
177
178
170
166
177
171
166
170
164
175
170
193
169
191
180
180
190
181
191
168
179
169
167
175
169
169
180
167
167
170
181
177
178
195
168
184
184
176
167
176
179
178
169
190
189
178
172
175
174
181
178
182
176
177
189
189
168
167
178
168
170
189
166
169
192
168
190
167
179
164
177
179
191
179
186
170
170
176
178
197
179
182
176
180
190
180
179
194
168
189
166
169
176
190
170
189
171
171
166
170
169
177
170
189
192
181
178
182
193
182
193
178
189
190
174
189
168
173
166
170
185
175
168
176
171
189
169
188
168
168
179
182
181
171
165
170
166
176
174
179
165
172
168
176
189
171
180
164
193
180
191
182
188
178
174
193
169
166
180
169
183
171
182
195
172
181
180
164
172
181
179
169
180
186
170
172
164
183
183
167
183
187
176
189
168
171
180
169
191
178
172
179
173
192
180
170
169
178
187
180
177
168
170
171
179
170
168
171
165
168
176
194
191
175
175
187
180
176
178
168
182
168
252
182
165
168
181
167
183
174
195
175
167
180
189
193
176
181
191
166
180
165
181
183
175
192
186
175
171
169
164
188
193
178
178
184
181
169
183
169
197
181
180
174
167
170
195
187
167
184
168
190
188
191
175
179
175
179
179
166
191
181
165
168
192
168
178
167
177
180
172
169
178
180
181
163
169
172
168
166
184
186
192
174
172
187
167
171
167
168
168
171
179
198
170
169
184
168
182
168
171
192
170
188
184
171
184
186
164
182
192
177
170
190
169
176
177
198
168
167
178
180
167
167
177
181
193
169
194
179
188
191
171
172
169
183
192
193
189
179
192
183
193
180
188
181
192
179
178
167
179
185
191
178
188
179
178
179
190
180
178
184
183
174
180
192
184
172
195
167
179
176
193
182
191
182
179
179
178
166
185
170
164
167
165
168
195
179
191
177
172
190
165
169
169
169
176
183
182
181
179
181
189
181
189
194
171
168
180
183
181
167
177
179
169
190
168
169
167
218
192
178
171
169
178
181
174
176
188
191
170
168
178
185
196
165
176
191
174
178
218
172
163
164
176
194
170
176
176
167
200
164
188
185
179
196
177
194
188
192
186
191
171
189
170
166
191
179
176
177
182
181
165
167
183
167
181
198
168
170
194
180
170
179
179
183
169
178
175
193
182
168
166
166
193
182
183
166


D4 150
198
200
180
182
182
183
182
180
181
182
182
182
181
181
182
182
182
182
181
182
182
182
182
183
182
183
182
198
182
182
182
197
182
181
182
181
182
179
181
182
182
182
181
182
182
182
182
184
181
182
194
182
182
182
182
182
182
182
200
182
182
181
181
182
182
181
182
181
181
197
198
181
181
183
181
182
181
198
182
181
180
180
181
181
180
199
182
182
198
196
182
200
185
182
199
199
199
181
181
182
198
182
182
180
196
182
182
181
182
182
182
183
184
182
182
182
199
182
181
182
182
181
182
200
200
182
195
182
199
181
181
182
181
199
181
182
183
182
182
182
182
181
182
181
182
182
180
181
182
182
182
184
181
182
182
182
184
182
181
183
183
182
182
182
196
182
182
201
181
181
180
182
184
182
182
182
181
182
198
182
182
181
181
197
181
182
197
183
182
183
181
180
198
181
182
183
198
200
182
180
182
198
183
180
199
198
199
182
182
199
183
182
183
182
182
182
182
181
183
182
181
182
185
182
181
199
182
181
182
182
181
182
182
182
183
182
199
182
180
182
180
182
183
182
181
196
198
182
182
201
198
182
184
182
181
182
182
182
182
182
182
181
182
182
182
182
182
181
183
182
182
182
199
182
199
182
198
180
179
181
183
184
199
182
181
182
182
182
182
182
182
182
181
181
181
181
181
183
182
183
181
182
182
181
182
183
182
181
183
183
183
199
181
183
181
199
182
180
182
182
184
183
199
199
197
183
183
182
184
183
194
182
182
182
197
182
199
182
181
183
182
183
182
182
201
183
182
181
181
183
182
181
182
181
182
181
199
182
181
182
182
182
182
181
200
182
182
182
182
182
182
182
182
182
181
182
182
200
199
182
182
183
182
181
182
181
182
198
181
182
182
182
182
182
181
198
182
184
182
180
182
182
180
182
179
184
198
182
182
182
182
182
182
182
183
184
181
182
181
181
181
182
181
199
181
198
182
182
182
181
182
181
200
181
183
183
198
181
182
181
182
181
181
183
197
199
182
183
182
182
183
182
182
197
184
182
182
182
182
182
182
182
182
185
182
182
182
182
182
182
182
182
182
181
182
182
181
197
182
181
182
183
182
182
182
184
182
182
182
182
182
182
182
181
182
182
183
181
182
199
182
182
182
182
181
182
182
182
198
182
182
181
182
182
182
181
182
199
182
182
180
182
184
182
180
181
181
182
184
182
182
182
182
183
181
198
182
200
199
183
181
182
202
180
182
199
182
182
198
182
183
181
197
196
198
182
181
181
199
200
182
183
184
182
196
182
182
199
184
182
182
181
197
182
182
182
182
184
182
182
182
182
182
182
201
182
182
182
182
182
182
183
181
182
181
182
182
182
181
182


D1 400
1
1
1
1
1
0
1
2
1
1
0
1
2
1
1
1
1
0
1
1
0
1
0
1
1
1
1
0
1
1
1
1
0
1
1
0
1
1
1
1
1
0
1
1
1
0
0
1
1
2
0
1
1
1
1
1
1
1
1
1
0
1
1
1
1
1
1
0
0
1
1
1
1
1
1
1
1
0
1
1
1
1
1
1
1
1
0
1
1
1
1
1
1
1
1
1
1
1
0
1
1
3
0
1
1
0
2
1
1
1
1
1
1
1
1
0
0
1
1
1
0
1
1
1
1
1
2
1
1
1
1
1
1
1
1
1
1
0
1
1
1
0
2
1
1
2
1
1
0
1
1
1
1
1
0
1
0
1
1
1
1
1
1
1
1
1
0
1
1
1
5
1
1
1
0
1
1
1
1
1
1
1
1
1
0
1
1
1
0
1
1
1
3
0
1
0
1
1
1
1
1
1
0
0
1
1
1
1
1
0
0
1
1
1
1
1
1
1
0
2
0
0
1
1
1
1
1
1
1
1
1
1
1
0
1
2
0
1
0
0
1
1
1
0
1
1
1
1
1
1
1
1
1
1
1
1
0
1
1
1
1
0
1
1
1
1
0
1
1
1
0
1
1
1
1
0
0
1
0
1
1
1
0
1
1
0
0
0
1
1
1
2
0
1
0
3
1
0
1
1
1
1
1
1
1
1
1
1
1
1
1
1
1
1
1
1
1
1
1
1
1
1
3
0
0
0
1
1
1
1
1
1
1
1
0
3
1
1
0
0
1
0
0
1
1
1
1
1
1
1
0
1
1
0
1
1
0
1
1
1
1
1
1
1
1
1
1
1
1
1
1
1
1
1
1
1
1
1
1
1
1
1
1
1
1
0
1
1
0
1
1
1
1
1
1
1
1
1
1
1
1
1
0
0
1
1
1
0
1
1
1
1
1
0
1
0
1
1
1
1
1
1
2
0
0
1
1
1
1
0
1
0
0
2
1
2
1
1
1
1
0
1
1
2
1
1
1
1
1
0
1
0
1
0
1
1
1
1
1
1
0
1
1
1
1
1
1
1
1
1
1
1
1
1
1
1
0
1
1
1
1
1
1
1
1
1
1
0
1
1
1
1
1
1
1
1
1
1
0
1
1
0
0
0
1
1
1
0
1
0
1
1
1
0
1
1
1
1
1
0
1
1
1
1
1
0
0
0
1
0
0
0
1
1
1
1
1
0
1
0
1
1
1
1
0
0
0
1
1
1
1
1
1
1
1
1
1
0
0
1
1
1
1
1
0
1
1
1
1
1
1
1
1
1
1
1
0
1
1
1
0
1
1
1
1
0
1
0
1
0
0
1
1
1
1
1
1
1
1
1


D2 400
1
1
1
1
0
0
1
1
1
1
1
0
1
1
1
1
0
1
1
1
1
1
1
1
1
0
1
1
1
1
1
0
1
1
1
1
0
1
0
1
1
0
1
1
1
1
1
1
1
1
1
0
1
0
0
1
0
1
0
1
1
1
0
1
0
1
0
0
1
1
0
1
1
1
1
1
1
1
1
1
0
0
1
0
1
1
0
1
0
1
0
0
1
0
1
1
0
1
1
1
0
1
1
1
1
1
2
0
1
1
1
1
1
1
1
0
0
1
1
1
1
1
0
1
0
1
0
1
1
1
0
1
1
0
1
1
0
0
1
0
0
1
1
1
0
1
1
0
1
1
1
1
1
1
0
1
1
1
1
1
1
1
1
1
1
0
1
0
0
1
1
0
1
0
1
1
0
0
1
0
1
0
1
1
1
1
1
0
1
1
0
1
0
1
0
1
1
0
1
1
0
1
1
1
1
1
1
1
0
0
1
1
0
1
1
1
1
1
1
1
1
0
0
1
1
1
1
0
1
0
0
0
0
1
1
1
1
1
1
1
1
1
1
1
1
1
1
1
1
1
1
1
0
0
1
1
1
1
1
0
0
0
1
1
1
1
1
0
1
0
1
1
1
1
0
1
1
1
1
1
0
0
1
1
1
0
1
1
1
1
1
0
0
1
0
1
0
0
0
1
0
0
1
0
1
1
0
0
1
1
0
1
1
0
2
0
1
1
0
1
1
0
1
0
1
0
1
0
1
0
1
1
1
1
3
1
0
0
0
1
0
1
1
1
0
1
1
0
1
1
0
1
1
0
1
1
1
0
0
1
1
1
0
1
1
1
0
0
0
1
1
0
1
1
1
0
1
1
0
0
1
0
1
1
1
1
1
1
0
1
1
0
1
1
1
1
0
0
1
1
1
1
1
1
0
1
1
1
0
1
1
1
1
0
1
1
0
0
1
0
1
1
1
0
1
1
1
1
1
1
1
1
0
2
0
1
1
1
1
0
1
1
1
4
1
1
1
1
1
1
0
0
0
1
0
1
0
1
1
1
0
1
1
1
0
1
1
1
0
1
0
1
0
1
0
1
0
0
1
1
1
0
1
1
0
0
0
1
0
1
2
0
1
0
1
1
1
0
1
1
1
0
1
1
1
0
1
0
1
1
1
1
1
1
1
1
1
1
0
1
0
1
0
1
1
0
0
1
1
1
1
0
1
0
1
1
0
1
1
0
1
1
1
0
1
1
1
1
1
1
1
1
1
1
1
1
1
1
1
0
0
0
1
1
1
1
0
0
1
1
1
1
1
1
1
1
1
1
1
1
1
1
1
0
0
1
1
1
1
1
1
0
1
1
1
1
1
1
1
1


D3 400
421
422
415
415
415
423
416
416
416
419
416
442
424
414
428
415
433
426
427
414
423
425
421
424
417
422
420
427
425
415
442
426
412
422
418
438
418
422
420
424
416
421
417
421
418
422
415
416
425
441
421
424
415
438
437
426
426
417
421
422
417
415
417
418
426
417
430
416
431
424
420
427
422
444
423
415
414
428
426
419
429
415
426
427
417
414
427
433
430
417
431
421
433
425
419
422
428
427
422
429
424
432
427
417
414
421
431
417
430
416
415
431
416
426
426
428
415
417
415
421
416
421
428
426
421
437
420
426
437
423
437
414
427
430
423
423
423
422
416
417
426
416
418
421
431
416
422
415
422
430
428
415
425
428
421
428
418
433
418
424
427
428
427
444
422
429
422
430
441
425
434
420
417
417
424
422
434
421
416
420
414
419
432
423
416
420
423
430
426
414
425
415
424
425
422
423
420
422
417
419
416
419
415
423
417
423
433
422
417
421
417
430
429
414
429
435
429
417
416
424
419
426
417
418
416
439
416
420
428
430
422
428
424
413
422
425
422
424
418
429
425
417
414
418
429
427
421
429
428
430
420
429
430
418
428
417
417
418
441
415
416
416
414
417
425
421
415
420
429
418
422
427
421
442
420
422
427
433
415
425
421
414
425
417
419
420
443
416
416
420
414
417
422
426
423
424
436
419
428
426
427
416
430
417
417
414
429
415
429
416
431
420
428
425
415
444
422
424
424
414
423
415
429
415
428
430
422
424
417
438
418
418
430
417
422
427
426
431
428
415
416
415
445
430
429
418
415
419
442
417
432
415
416
417
420
422
419
428
421
445
428
430
424
428
415
416
424
431
428
414
426
427
420
418
428
429
446
429
419
420
417
415
415
417
423
422
433
420
416
419
416
415
417
420
427
413
415
420
414
416
414
414
436
423
420
437
416
419
416
419
428
413
440
426
421
422
418
425
426
414
415
416
427
427
431
415
426
414
426
414
427
427
422
425
417
420
416
414
424
423
422
428
425
429
423
429
422
430
422
428
427
416
446
416
424
426
421
427
424
427
422
429
440
415
416
419
429
419
417
418
428
415
428
425
424
413
438
445
444
428
426
432
416
419
430
418
430
416
428
427
424
424
418
423
430
416
415
418
421
414
444
430
426
430
421
428
421
425
421
416
426
415
429
415
425
426
419
421
417
432
418
414
440
427
416
418
426
429
422
423
418
422
434
420
424
434
428
414
439
422
418
427
416
418
429
414
424
427
419
425
427
416
428
444
477
432
428
443
425
428
422
424
416
421
420
422
417
430
442
428
423
439
414
429
414
415
429
414
429
447
415
417
427
429
421
427
425
414
417
426
440
427
414
417
414
413
424
415
414
414


D4 400
432
432
432
433
433
432
448
434
433
433
433
432
433
433
433
433
432
433
433
433
433
433
433
432
432
447
432
433
433
433
433
432
433
433
433
433
433
432
432
433
433
432
433
432
448
433
433
433
433
434
432
430
433
435
434
433
432
433
432
432
433
432
432
446
432
433
433
432
433
433
432
433
433
433
432
433
432
433
433
433
432
432
449
432
433
433
432
433
432
433
432
432
433
432
433
433
433
433
433
433
432
448
433
449
433
433
432
432
433
433
433
435
433
433
433
433
431
432
433
433
448
433
432
433
432
433
434
433
433
433
432
433
433
432
433
433
432
432
433
447
433
433
433
433
432
433
450
432
432
433
433
433
433
433
432
433
433
433
447
433
433
433
433
433
433
432
433
449
433
433
432
432
433
432
433
433
432
447
433
432
433
432
432
433
433
433
433
432
433
432
432
432
432
433
432
433
448
432
432
433
432
431
433
433
433
448
432
433
432
432
433
433
432
433
433
446
433
433
433
433
431
432
432
433
433
430
433
432
433
432
432
432
432
433
447
432
433
433
433
433
433
432
433
433
433
433
432
433
448
432
433
433
432
447
433
433
433
433
434
432
432
432
433
433
433
433
433
431
433
432
433
433
448
433
432
433
433
433
433
433
432
432
432
433
432
432
447
433
432
433
433
447
432
433
432
433
432
433
432
449
432
432
433
432
431
447
432
432
433
433
432
433
433
432
446
432
433
433
432
433
433
432
433
432
445
432
433
432
433
449
449
433
433
433
432
433
432
435
447
433
432
435
433
448
432
433
433
432
433
433
432
450
433
432
433
433
433
447
432
433
433
433
447
433
433
432
432
432
432
433
433
432
432
433
433
432
448
433
432
432
432
447
433
450
433
433
433
433
432
433
433
432
450
433
433
448
432
432
433
432
430
449
433
434
432
433
433
433
432
433
433
433
433
431
448
433
432
432
433
447
433
433
432
431
433
433
432
433
433
433
433
433
432
429
432
447
451
433
431
449
433
433
433
433
433
433
433
433
433
433
432
432
447
433
432
433
432
448
433
433
433
433
433
433
433
433
433
433
432
433
432
448
432
433
432
433
432
432
433
433
433
432
432
433
432
432
433
433
432
433
447
433
433
432
432
431
433
432
433
433
433
432
433
433
433
432
433
432
433
448
433
433
448
433
431
433
433
433
432
433
432
433
433
433
433
432
432
433
448
432
433
432
433
430
433
433
432
433
433
431
433
433
450
432
433
433
433
448
433
432
432
433
434
433
413
431
433
433
432
432
432
449
433
433
433
432
447
432
433
433
433
433
433
433
433
432
432
433
433
433
447
433
433
432
432
448
432
433
433
433
433
433
433
433
433
432
433
433
433
448


D1 1000
1
1
1
1
1
1
1
1
2
3
1
1
0
2
1
1
2
2
1
2
1
1
1
1
1
2
1
1
1
2
0
3
2
1
1
1
0
1
1
1
1
1
1
1
1
1
1
1
0
1
1
0
1
1
1
1
1
1
1
1
0
1
1
0
1
2
1
1
1
1
1
1
1
3
1
1
2
2
1
1
1
0
1
1
2
1
1
2
1
1
1
1
1
1
1
6
1
1
0
1
1
1
2
1
1
6
2
1
2
1
1
1
2
1
1
0
1
1
1
1
1
4
0
1
1
1
1
1
0
1
1
1
2
1
1
4
1
1
1
1
1
1
1
1
1
1
2
1
1
1
0
1
2
2
1
1
1
1
3
3
1
5
1
0
1
1
1
2
1
1
1
1
1
2
1
1
1
1
1
1
0
1
1
1
1
1
1
1
0
1
1
1
1
9
1
0
1
3
1
1
1
2
1
1
1
7
2
1
1
3
1
0
1
1
0
2
2
1
0
1
2
1
1
2
6
1
1
1
1
3
0
1
1
1
1
1
1
1
1
1
1
1
1
1
2
1
1
1
6
1
1
5
1
1
1
1
1
0
2
0
1
1
1
1
0
1
1
0
0
1
0
0
3
1
1
1
1
1
1
1
1
1
1
1
0
0
1
1
1
1
1
1
2
1
1
1
2
1
1
2
1
0
1
1
1
0
1
1
1
1
1
1
1
1
1
1
0
1
2
2
1
1
1
2
1
1
1
0
1
1
2
1
1
1
1
1
0
0
1
1
1
0
1
1
1
1
1
1
1
1
1
1
0
1
1
1
2
1
0
1
0
1
1
1
1
1
1
3
1
1
0
1
0
1
1
0
1
1
1
1
1
1
1
0
0
1
1
1
0
1
1
1
1
1
1
1
1
1
2
1
1
1
1
3
1
0
1
1
1
0
1
1
2
1
1
1
5
1
1
1
1
1
1
2
1
1
1
0
1
1
1
1
0
1
1
1
1
1
0
1
2
1
1
1
0
1
1
3
1
1
1
2
1
1
2
0
1
1
1
2
1
1
1
1
1
1
1
2
1
1
1
2
1
1
1
1
2
1
1
1
1
2
1
1
1
1
1
1
1
1
1
1
1
1
1
1
1
1
1
1
1
3
5
1
1
1
1
1
0
1
1
1
1
1
1
1
1
1
1
1
1
1
3
0
1
0
2
1
1
1
1
1
1
1
1
1
2
1
1
1
6
0
1
1
1
1
1
1
1
1
0
0
1
1
1
1
1
0
1
2
1
1
1
1
1
1
1
1
1
1
0
1
1
0
1
1
1
1
0
1
1
0
1
1
0
1
1
1
1
1
1
3
1
1
3
2
1
0
1
1


D2 1000
1
0
1
1
1
1
1
1
1
1
0
1
1
0
0
1
1
1
1
0
1
1
1
1
1
1
1
1
0
1
1
0
0
1
0
1
1
1
5
0
0
1
2
1
0
1
0
1
2
0
1
1
1
1
1
1
1
1
1
1
1
1
1
1
1
1
2
2
1
1
0
1
1
0
0
1
1
1
1
1
0
1
2
1
1
0
2
2
1
1
1
1
0
0
1
0
0
1
1
1
1
1
1
1
1
1
0
1
1
1
1
1
1
1
1
1
1
1
1
1
0
1
0
1
1
0
1
1
1
0
1
1
2
1
1
1
0
1
0
1
1
1
1
0
0
0
1
0
1
2
0
1
0
0
0
0
1
1
1
0
1
1
1
1
1
1
1
2
0
1
0
1
0
1
2
0
2
1
1
1
1
1
1
1
1
1
0
1
0
1
0
1
1
1
1
0
0
1
2
1
1
1
1
0
2
1
2
1
1
1
0
0
1
1
1
2
2
1
1
1
1
0
1
2
1
1
1
0
1
1
0
1
1
1
1
1
0
0
2
0
0
0
1
1
1
1
1
0
0
0
1
1
0
2
1
0
1
0
0
0
1
1
1
1
0
0
0
1
1
0
1
0
1
1
1
0
0
0
1
3
1
0
1
1
1
1
0
0
1
1
0
1
0
3
1
0
1
0
1
0
1
1
1
2
1
0
1
0
0
0
1
1
0
0
0
1
0
2
1
1
0
0
1
0
0
1
1
0
0
0
1
3
1
0
1
0
1
1
0
1
0
1
1
1
1
1
1
1
0
1
1
1
0
1
0
1
1
1
0
2
1
0
2
1
1
2
1
1
1
1
0
1
1
2
1
1
0
1
0
1
1
1
1
2
1
1
0
1
0
1
0
1
0
1
1
1
1
1
1
1
1
2
1
0
1
1
0
0
1
1
1
0
0
1
1
0
1
1
0
1
2
2
1
1
2
1
1
1
0
1
1
0
1
0
1
1
1
1
0
0
0
1
0
0
2
1
1
1
0
1
0
1
1
0
1
1
1
0
0
1
1
0
1
1
1
1
0
1
0
0
1
1
1
0
0
1
0
1
0
1
1
1
1
0
1
2
1
0
1
2
1
2
1
0
2
2
1
1
1
2
2
0
0
0
0
0
1
0
0
1
3
1
0
1
0
1
1
1
1
1
1
1
2
0
1
1
0
1
0
2
1
0
0
1
1
1
1
1
0
2
1
1
2
1
1
1
2
0
1
1
1
0
0
0
1
1
1
1
0
1
1
1
1
1
1
1
1
1
2
1
1
2
1
1
1
0
0
2
0
1
0
0
0
1
1
0
1
1
1
0
1
0
1
0
1
1
0
0
0
1


D3 1000
1021
1022
1017
1018
1032
1025
1016
1018
1017
1036
1017
1027
1027
1015
1029
1016
1018
1028
1043
1014
1023
1026
1023
1041
1016
1021
1021
1028
1041
1015
1027
1026
1031
1038
1019
1023
1019
1038
1021
1024
1018
1023
1033
1020
1019
1024
1017
1032
1025
1027
1022
1023
1032
1024
1023
1026
1025
1015
1019
1023
1016
1032
1016
1017
1025
1018
1032
1016
1018
1027
1021
1043
1021
1028
1023
1015
1029
1025
1028
1021
1029
1030
1024
1027
1019
1030
1027
1018
1015
1019
1028
1020
1020
1028
1018
1022
1030
1028
1022
1045
1022
1014
1028
1020
1031
1021
1016
1017
1029
1031
1015
1016
1014
1026
1026
1026
1016
1017
1031
1021
1015
1024
1028
1043
1019
1021
1022
1027
1035
1022
1020
1014
1026
1029
1023
1023
1024
1037
1016
1016
1026
1017
1033
1020
1031
1017
1024
1032
1021
1014
1028
1030
1024
1027
1022
1030
1036
1017
1019
1026
1028
1043
1026
1028
1023
1044
1039
1029
1026
1025
1018
1020
1017
1018
1024
1038
1034
1037
1017
1020
1029
1016
1016
1023
1017
1019
1040
1030
1027
1014
1023
1014
1023
1027
1036
1023
1019
1023
1017
1038
1014
1018
1017
1024
1032
1023
1019
1023
1018
1020
1033
1030
1030
1031
1029
1017
1029
1017
1032
1024
1019
1027
1034
1032
1032
1024
1018
1020
1028
1029
1023
1029
1039
1028
1021
1027
1023
1039
1016
1031
1028
1018
1030
1017
1030
1027
1036
1030
1027
1031
1021
1029
1029
1017
1028
1019
1036
1017
1028
1016
1016
1033
1013
1017
1024
1037
1016
1018
1029
1019
1022
1024
1019
1026
1037
1038
1027
1018
1016
1028
1038
1030
1025
1019
1035
1018
1027
1019
1019
1035
1030
1015
1024
1026
1023
1023
1019
1020
1029
1026
1026
1016
1014
1032
1016
1029
1029
1017
1029
1017
1015
1022
1029
1041
1016
1028
1023
1040
1023
1028
1023
1017
1046
1031
1029
1013
1024
1038
1017
1025
1018
1021
1044
1019
1027
1028
1042
1015
1012
1017
1017
1033
1028
1029
1029
1019
1031
1016
1025
1019
1016
1016
1015
1019
1021
1038
1017
1027
1021
1029
1043
1031
1023
1029
1015
1031
1022
1016
1028
1016
1023
1026
1020
1015
1046
1027
1028
1029
1020
1019
1016
1030
1015
1016
1038
1022
1019
1021
1018
1017
1017
1016
1018
1020
1026
1029
1017
1020
1032
1014
1030
1032
1020
1022
1035
1021
1017
1022
1016
1016
1028
1014
1040
1076
1020
1023
1033
1022
1024
1029
1016
1018
1041
1027
1050
1016
1026
1029
1025
1017
1027
1043
1021
1036
1018
1021
1031
1030
1023
1023
1022
1044
1024
1031
1040
1030
1037
1031
1023
1028
1027
1032
1028
1017
1025
1040
1020
1028
1026
1028
1037
1028
1027
1018
1016
1020
1045
1020
1017
1035
1028
1016
1031
1026
1040
1030
1022
1032
1030
1043
1027
1015
1017
1019
1028
1016
1030
1016
1043
1025
1022
1025
1022
1038
1030
1017
1016
1018
1039
1030
1029
1031
1028
1029
1022
1029
1022
1042
1019
1015
1029
1014
1028
1015
1023
1025
1019
1037
1015
1018
1018
1016
1026
1026
1017
1018
1042
1029
1023
1024
1020
1038
1018
1018
1025
1017
1044
1030
1023
1023
1019
1025
1017
1020
1029
1029
1024
1026
1019
1026
1025
1015
1029
1029
1023
1033
1027
1027
1026
1044
1022
1023
1017
1023
1035
1020
1017
1016
1025
1043
1022
1023
1015
1029
1029
1015
1013
1016
1028
1029
1015
1016
1027
1044
1019
1028
1026
1014
1034
1027
1024
1019
1015
1032
1031
1014
1025
1032
1014
1014


D4 1000
1033
1034
1033
1048
1033
1032
1033
1033
1048
1034
1033
1033
1034
1048
1033
1033
1034
1032
1033
1033
1033
1033
1049
1034
1034
1033
1033
1049
1033
1033
1033
1033
1048
1033
1033
1035
1036
1033
1032
1034
1050
1049
1035
1034
1034
1033
1048
1033
1034
1033
1033
1048
1033
1033
1033
1032
1031
1050
1033
1033
1031
1033
1033
1033
1034
1048
1028
1035
1033
1031
1048
1033
1033
1033
1032
1033
1035
1034
1033
1049
1033
1033
1035
1032
1048
1033
1034
1034
1033
1048
1034
1033
1034
1048
1033
1033
1034
1034
1049
1034
1033
1033
1034
1047
1033
1033
1033
1033
1048
1034
1033
1033
1036
1048
1033
1033
1034
1048
1033
1034
1034
1033
1031
1033
1034
1033
1033
1032
1033
1033
1033
1033
1034
1033
1034
1033
1048
1033
1033
1034
1033
1048
1034
1033
1033
1047
1049
1033
1034
1035
1048
1033
1034
1033
1033
1046
1034
1033
1034
1033
1048
1033
1033
1033
1033
1033
1033
1033
1033
1032
1033
1033
1049
1033
1050
1033
1034
1033
1033
1048
1033
1050
1034
1034
1032
1034
1033
1033
1033
1048
1050
1033
1032
1048
1035
1033
1033
1033
1049
1033
1033
1033
1034
1048
1034
1034
1035
1034
1048
1032
1033
1035
1030
1034
1033
1035
1034
1048
1033
1034
1033
1033
1032
1037
1033
1033
1048
1031
1033
1034
1033
1048
1033
1034
1033
1033
1048
1034
1035
1033
1033
1048
1034
1033
1034
1032
1033
1034
1034
1033
1049
1033
1034
1034
1033
1048
1033
1033
1033
1033
1048
1033
1033
1033
1034
1034
1033
1033
1033
1049
1033
1033
1033
1034
1050
1034
1033
1033
1033
1047
1034
1033
1033
1048
1033
1033
1033
1033
1047
1033
1048
1033
1033
1032
1032
1033
1033
1033
1031
1033
1034
1033
1032
1034
1033
1033
1033
1049
1033
1034
1033
1033
1048
1033
1034
1033
1046
1051
1033
1034
1033
1048
1033
1033
1033
1034
1048
1033
1033
1033
1033
1046
1034
1033
1033
1048
1033
1033
1033
1034
1048
1033
1033
1033
1033
1049
1033
1033
1033
1033
1048
1033
1033
1049
1048
1034
1033
1033
1033
1049
1033
1033
1034
1054
1048
1034
1033
1050
1033
1049
1033
1033
1033
1048
1031
1033
1033
1034
1048
1032
1050
1033
1033
1030
1033
1050
1034
1033
1048
1034
1033
1032
1047
1033
1034
1033
1033
1048
1034
1051
1033
1035
1048
1033
1033
1033
1033
1048
1033
1033
1033
1048
1033
1033
1034
1032
1047
1034
1033
1033
1034
1049
1033
1033
1049
1033
1048
1033
1033
1034
1048
1033
1034
1021
1033
1048
1035
1033
1033
1033
1048
1034
1033
1033
1034
1048
1034
1033
1049
1049
1032
1033
1034
1033
1047
1034
1033
1033
1033
1047
1033
1034
1048
1033
1048
1033
1033
1033
1048
1033
1033
1050
1028
1048
1033
1034
1033
1031
1049
1033
1033
1034
1033
1031
1033
1051
1033
1048
1033
1035
1034
1034
1031
1033
1035
1034
1034
1048
1031
1035
1034
1033
1033
1048
1033
1033
1049
1033
1033
1033
1032
1032
1033
1033
1033
1034
1047
1033
1033
1033
1033
1032
1035
1033
1033
1048
1033
1033
1033
1034
1048
1050
1032
1033
1033
1032
1034
1034
1050
1035
1048
1033
1051
1033
1049
1033
1034
1033
1033
1047
1033
1033
1033
1033
1048
1033
1033
1033
1032
1033
1032
1032
1034
1048
1033
1034
1033
1032
1049
1033
1033
1052
1033
1048
1034
1033
1033
1049
1033
1033
1033
1032
1031
1033
1033
1033
1033
1049
1033
1032
1033
1033
1032
1035
1033
1033
1048
1033
1033
1033