D3 1000
1012
1002
1013
1016
1010
1004
1012
1009
1004
1001
1001
1014
1015
1015
1014
1016
1005
1016
1016
1011
1009
1006
1003
1002
1013
1012
1012
1014
1009
1014
1015
1016
1013
1011
1007
1002
1016
1015
1004
1014
1013
1015
999
1013
1004
1002
1014
1009
1006
1001
1011
1004
1013
1011
1012
1004
1013
1005
1014
1015
1011
1010
1003
1015
1013
1006
1017
1012
1008
1001
1008
1009
1015
1016
1015
1013
1005
1016
1013
1007
1016
1006
1013
1015
1015
1014
1000
1010
1010
1016
1014
1008
1015
1010
1008
1016
1006
1002
1016
1009
1008
1008
1017
1011
1004
1001
1007
1004
1014
1004
1007
1016
1012
1010
1002
1011
1002
1002
1016
1014
1013
1008
1014
1009
1002
1013
1007
1014
1002
1015
1004
1015
1008
1008
1001
1009
1003
1015
1008
1015
1004
1016
1011
1007
1015
1006
1012
1014
1008
1015
1014
1002
1014
1006
1013
1007
1000
1011
1004
1001
1002
1015
1004
1001
1016
1006
1000
1004
1012
1008
999
1014
1006
1014
1010
1005
1017
1012
1007
1014
1003
1013
1015
1010
1006
1016
1006
1006
1013
1011
1004
1009
1001
1014
1009
1003
1011
1016
1011
1009
1002
1005
1017
1014
1003
1014
1007
1016
1005
1015
1010
1017
1006
1009
1003
1010
1010
1001
1015
1011
1012
1010
1017
1016
1010
1004
1016
1006
999
1010
1002
1016
1014
1004
1014
1012
1008
1016
1014
1006
1014
1006
1015
1007
1015
1007
1011
1007
1002
1009
1006
1006
1017
1010
1008
1001
1010
1015
1005
1002
1015
1012
1009
1001
1007
1009
1009
1003
1013
1011
1004
1014
1008
1016
1010
1015
1005
1016
1014
1008
1001
1008
1018
1015
1012
1013
1001
1014
1006
1014
1006
1014
1014
1009
1003
1009
1008
1014
1011
1003
1000
1006
1015
1005
1015
1009
1016
1016
1015
1011
1015
1010
1001
1010
1003
1014
1006
1015
1010
1006
1014
1011
1008
1003
1009
1003
1015
1008
1017
1004
1011
1011
1003
1013
1010
1002
1012
1015
1006
1013
1009
1004
1014
1007
1016
1015
1010
1001
1014
1001
1012
1004
1016
1013
1005
1014
1005
1016
1002
1014
1008
1018
1016
1013
1006
1008
1005
1012
1010
1005
1014
1011
1010
1009
1003
1001
1003
1013
1014
1010
1005
1014
1006
1017
1008
1003
1013
1000
1000
1007
1014
1001
1012
1004
1019
1006
1003
1013
1009
1013
1017
1011
1005
1015
1005
1002
1008
1003
1013
1017
1007
1001
1011
1017
1006
1013
1011
1008
1002
1018
1010
1015
1011
1004
1016
1002
1018
1011
1006
1001
1013
1002
1003
1012
1008
1014
1007
1016
1008
1012
1011
1004
1014
1008
1017
1007
1015
1011
1004
1014
1012
1010
1016
1011
1016
1017
1006
1002
1010
1011
1008
1007
1016
1002
1008
1015
1007
1012
1010
999
1012
1001
1009
1010
1017
1014
1014
1005
1015
1008
1003
1015
1006
1016
1006
1003
1014
1012
1006
1016
1014
1004
1013
1012
1017
1008
1001
1008
1005
1017
1013
1007
1001
1015
1010
1003
1013
1006
1017
1009
1003
1012
1012
1003
1001
1014
1012
1010
1002
1017
1001
1011
1004
1013
1017
1011
1004
1016
1012
1004
1009
1016
1010
1006
1017
1009
1001
1009
1001
1015
1006
1013
1004
1017
1006
1014
1011
1005
1013
1012
1009
1004
1016
1005
1016
1004
1010
1004
1010
1006
1016
1009
1013
1010
1004
1014
1005
1011
1009
1005
1017
1007
1015
1008
1003
1014
1005
1013
1008
1014
1008
1001
1014
1010
1014
1007
1017
1016
1007
1004
1013
1012
1017
1001
1013
1006
1011
1006
1007
1016