D4 1000
1018
1000
1001
1003
1000
1015
1003
1000
1000
1000
1018
999
1003
1004
1004
1015
1000
1002
998
999
1000
1000
1000
1000
1016
1000
1000
1002
1000
1015
1004
1004
1002
1000
1000
999
1003
1005
1018
1002
1004
1002
1000
1013
1000
1001
1001
1000
1015
1001
999
1000
1006
999
1000
1000
1003
1022
999
1004
1015
1001
1015
1004
1009
1001
999
998
999
1000
999
1000
1015
1000
1002
1004
1014
999
1004
1001
1000
1019
1000
1002
1002
1003
1014
1001
1000
999
1016
1016
1000
1000
1000
1001
1000
1000
999
1000
1017
1000
999
1000
1000
1020
1000
1000
1005
1000
1018
1000
1004
1000
1015
1018
999
1000
1003
1013
1004
1001
1000
1000
999
999
1001
1004
999
1012
1000
1001
1000
1000
1014
1000
999
1000
1020
1000
1000
999
1000
1012
1017
999
1002
1015
1020
1001
1004
999
1003
1019
1000
1000
999
1020
1000
1000
1000
1005
1013
1000
1002
1000
1017
1014
1002
1000
1000
1001
1020
1000
1001
1000
1000
1001
1001
999
1000
999
1000
1000
1000
999
1004
1000
1016
1001
999
1021
1001
1001
1000
1015
996
1000
1017
1000
1014
1000
1000
999
1000
1018
1021
1015
1000
1014
998
1016
1003
1000
998
1000
999
1000
1002
1014
1015
1000
1000
1000
1013
1000
1000
1000
1000
1013
1000
1002
999
999
999
1001
999
1000
1016
1000
1016
1021
1001
1019
1002
1000
1000
1000
1016
1000
1000
999
1001
1003
1000
1000
1000
1014
1001
999
999
1000
999
1000
1001
1000
1000
1015
999
1001
1000
1002
1000
999
1005
1009
1019
1003
1004
1001
1000
1019
999
1002
999
999
1016
1003
1001
1001
1013
1001
999
1000
1017
1002
1000
1000
999
1000
1019
1001
1001
1001
1015
1000
1000
1001
1002
1000
1001
1001
1000
1000
998
999
1000
1000
1002
1013
1017
1001
1000
999
999
1003
1017
1001
1000
1015
1000
1000
999
1017
1000
999
999
1000
1018
1014
999
1000
1003
1000
1001
1003
1002
1000
999
999
1000
1000
1002
1004
1000
999
1000
1001
1000
1003
1001
1000
1003
1000
1000
1001
1000
1004
1000
1001
1000
1013
1000
1000
1017
999
1017
1000
999
1000
1000
1003
1000
1002
1002
1000
1019
999
1000
1000
1014
1000
1000
1000
1002
1020
1000
999
1000
1004
1013
1000
1000
1002
1000
1016
1000
1000
999
1013
1000
1016
1000
999
1002
1018
1001
999
1000
1000
1019
999
1000
1000
998
1000
997
1000
1019
1000
1001
999
999
1018
1000
1004
1020
999
1018
999
998
1021
999
1019
1017
1001
1003
1000
1000
1000
1016
1000
1002
999
1000
1002
1001
1016
1001
1016
1002
999
1002
1000
1000
1017
1020
1004
999
1001
1000
998
1006
1001
1016
1004
1003
1000
1000
1001
1000
999
1000
1001
1015
1014
1002
1001
1000
1003
1013
1000
1000
1010
1000
1018
1000
1000
1000
1000
1013
999
1001
1000
1013
1000
1001
1002
999
1019
999
1000
1000
1001
1015
1003
1008
1001
1000
1000
999
1000
1000
1000
1000
998
1000
1000
998
1000
1019
1017
1002
1014
1004
999
1000
1000
1015
1003
1000
1005
1000
1001
1001
1001
1001
999
1016
1001
1000
1000
1019
1016
1000
1000
1000
1013
1019
1015
1000
1001
1001
1001
1000
1001
1013
1002
1000
1000
1000
1014
1002
1002
1000
999
1000
1000
998
1000
1001
1018
1014
1000
1005
1019
1004
1000
1000
1000
1018
1000
1005
1002
999
998
1005
998
1001
1001