D4 1000
999
1001
999
1001
1001
999
1001
1000
1001
1017
999
1000
1000
1002
999
1000
1001
1000
999
1001
1002
1000
1001
1002
1000
999
1000
1000
1001
999
1000
1000
999
1001
1002
1012
1000
1000
1000
1000
1000
1000
1003
1000
1001
999
1001
999
1002
1000
1014
1002
1001
1000
1002
1003
1001
1000
1001
1000
1016
1000
1001
1001
1000
1003
1002
1001
1017
1000
1001
1000
1000
1001
1000
1001
1000
1002
999
1001
999
1001
1002
1000
1000
1001
1001
1000
1003
1000
1000
1002
1002
999
1001
1003
1001
1002
1001
1001
1001
1001
1016
999
1000
1000
1000
1002
1000
1016
1002
1000
1000
1001
1017
1014
1001
1000
1000
1003
1002
1001
1001
999
1000
1015
999
999
999
1001
1001
1000
1002
999
1017
1002
1000
1000
1002
1000
999
1001
1000
1003
1001
999
1002
1000
1002
1002
1000
1000
1000
1000
1000
1017
1002
1018
1002
1003
1002
999
1002
999
1000
999
1001
1001
1001
1000
1003
1002
1001
1000
1001
1002
1000
1001
1003
1001
1013
1000
1001
1001
1001
1000
1001
1002
1001
1000
1003
1000
1001
1000
1001
999
1001
1001
1000
1001
999
1003
1002
1002
1001
1001
1002
1003
999
999
1002
1001
999
1001
1015
1002
1000
1001
1000
998
1015
1001
1015
1000
1000
1000
1001
1001
1000
1000
998
1015
1002
1002
1001
1000
999
1000
1000
1002
1001
1001
1001
1002
1001
1000
1004
1015
1000
1003
1000
1003
1015
1002
1000
1015
1003
997
1000
1000
1000
1003
1016
1000
1000
999
1001
999
1001
1000
998
1001
1003
1000
1000
999
1001
1003
999
1000
1001
999
999
1001
1000
1001
1000
1001
1000
1000
1001
1000
1000
1000
1001
1001
1001
1000
1000
999
1000
1000
1000
1000
1000
999
1017
1003
1001
1002
1001
1000
999
1002
1000
1001
1002
1001
1000
1001
1000
1017
1000
1017
1000
1000
1001
1001
1002
999
999
1017
1000
1000
1001
1002
999
1000
999
1000
1002
1000
999
1000
1000
1001
1000
1000
1000
1001
999
1000
1002
1002
1000
1001
1000
1002
1002
1003
1000
1000
1001
1000
1000
1014
1002
1000
1015
1002
1001
1000
1001
1000
1002
1003
1001
1001
1001
1015
1002
1000
1000
1001
1000
998
1002
1001
1002
999
1002
1000
1000
1016
1002
1000
1000
1000
1002
1015
1002
1001
1002
1003
1001
999
1003
999
1001
999
1015
1000
1002
1000
1002
1000
1002
1000
1000
998
999
1000
1003
999
1000
999
1000
1001
1000
1000
1001
1002
1001
999
1001
1001
999
1001
1000
1000
999
999
1000
1001
1003
999
1000
1000
1000
1001
999
1000
1017
999
1002
1000
999
1001
1000
1015
1003
1000
1000
1001
1001
1000
1002
999
999
1000
999
1001
1000
1000
1001
998
1000
1001
1002
1000
1015
1000
1001
1000
1000
999
1001
1001
1000
1000
998
1000
1017
1002
1002
1000
1001
1000
999
1001
1002
1002
1001
1001
1000
999
1003
1002
1000
1001
1001
1001
1001
1002
1002
1015
1000
999
1002
1003
999
999
1000
1001
1000
1015
1002
999
1002
1000
999
1002
1001
999
1000
999
1000
1001
1002
1001
1000
1002
1001
1000
1001
1001
1000
1003
1000
1001
1002
1000
1016
1015
1001
999
1000
1016
999
1003
1003
1001
1001
1001
1002
1001
1000
1000
1001
1002
999
1016
1017
1001
1001
1001
999
1016
1016
1000
998
1003
998
1000
1001
1000
999
1001
1001
1015
1001
1001
1000
1000
1001
999
999
1002
1000
1000