D3 1000
1003
1011
1007
1030
1007
1017
1013
1018
1018
1018
1019
1018
1019
1008
1011
1018
1006
1005
1002
1021
1018
1019
1009
1009
1008
1009
1011
1017
1014
1016
1018
1016
1015
1015
1006
1006
1018
1017
1017
1014
1020
1012
1017
1009
1015
1011
1011
1018
1017
1017
1001
1014
1017
1015
1016
1019
1007
1002
1016
1016
1017
1018
1011
1015
1008
1015
1013
1001
1001
1005
1008
1008
1007
1008
1017
1008
1016
1013
1019
1013
1013
1008
1018
1012
1016
1001
1013
1011
1020
1006
1017
1008
1019
1016
1003
1005
1011
1015
1006
1008
1008
1005
1015
1018
1018
1006
1017
1017
1017
1017
1016
1012
1014
1012
1011
1004
1016
1001
1017
1004
1016
1003
1017
1008
1013
1015
1008
1017
1004
1016
1019
1007
1003
1002
1008
1028
1018
1019
1009
1003
1017
1002
1018
1008
1018
1015
1004
1007
1017
1014
1038
1017
1023
1001
1011
1013
1017
1019
1018
1003
1025
1010
1002
1002
1017
1016
1007
1015
1017
1015
1018
1011
1014
1008
1017
1017
1018
1012
1009
1013
1017
1000
1011
1002
1012
1017
1017
1018
1018
1015
1016
1018
1004
1016
1019
1014
1018
1005
1018
1002
1016
1014
1017
1018
1002
1016
1013
1015
1012
1006
1001
1015
1019
1015
1016
1018
1003
1016
1015
1019
1005
1018
1003
1018
1001
1018
1007
1001
1019
1015
1007
1002
1004
1015
1010
1001
1016
1019
1009
1014
1035
1018
1011
1018
1016
1015
1018
1019
1013
1027
1016
1018
1003
1003
1013
1004
1010
1004
1017
1002
1026
1017
1019
1016
1020
1006
1008
1002
1017
1007
1014
1011
1012
1013
1015
1002
1011
1001
1012
1011
1019
1015
1007
1002
1017
1005
1018
1012
1007
1003
1005
1005
1019
1003
1013
1001
1018
1011
1001
1013
1016
1014
1018
1007
1010
1018
1017
1005
1018
1019
1013
1002
1013
1018
1019
1012
1013
1008
1006
1018
1011
1014
1002
1003
1002
1014
1016
1008
1012
1004
1016
1008
1003
1008
1015
1009
1081
1019
1002
1017
1008
1017
1002
1015
1017
1004
1018
1009
1017
1003
1017
1012
1017
1014
1018
1001
1017
1004
1019
1009
1035
1006
1019
1016
1013
1004
1003
1016
1018
1018
1017
1017
1017
1006
1016
1018
1017
1018
1018
1007
1004
1017
1014
1005
1008
1017
1018
1017
1011
1018
1004
1001
1013
1015
1015
1007
1007
1014
1016
1004
1005
1016
1003
1011
1017
1015
1018
1002
1015
1017
1001
1001
1002
1018
1012
1020
1002
1015
1006
1006
1014
1014
1002
1011
1018
1016
1018
1015
1018
1013
1014
1006
1016
1018
1022
1012
1014
1003
1018
1018
1008
1011
1001
1006
1015
1006
1014
1010
1011
1012
1017
1008
1003
1010
1008
1006
1009
1005
1017
1018
1018
1002
1010
1016
1005
1010
1004
1017
1004
1002
1018
1016
1017
1033
1010
1004
1005
1004
1017
1003
1014
1018
1034
1009
1014
1013
1011
1012
1006
1010
1003
1004
1001
1010
1014
1016
1014
1006
1006
1006
1013
1011
1003
1017
1002
1002
1007
1014
1005
1004
1006
1019
1012
1007
1002
1018
1016
1001
1016
1016
1005
1018
1025
1016
1017
1012
1005
1009
1017
1012
1003
1018
1014
1011
1015
1019
1019
1015
1017
1019
1013
1017
1017
1002
1011
1013
1017
1020
1018
1018
1002
1015
1016
1019
1019
1012
1018
1002
1009
1002
1007
1013
1006
1002
1002
1016
1002
1005
1009
1014
1015
1008
1018
1008
1017
1005
1002
1002
1011
1003
1011
1007
1017
1013
1009
1017
1017
1017
1003
1015
1012
1017
1011
1011
1020
1017
1016
1002
1016
1018