D4 1000
1000
998
996
998
998
1000
999
998
1013
998
999
999
1015
1000
1000
999
1017
1012
999
1014
999
1013
998
999
998
1000
999
999
999
1015
1000
1000
1000
998
1013
998
1000
1000
1000
1013
1000
999
1015
1013
997
997
997
998
1011
995
997
996
1015
999
1012
998
998
1012
997
997
1016
1012
999
997
997
999
997
1013
996
997
1010
997
996
998
997
1011
998
997
997
1011
997
998
1012
997
998
998
999
998
1012
998
996
1013
997
1013
998
998
998
1012
999
998
999
1031
997
1015
997
998
1013
998
999
999
1012
1000
996
1016
997
1012
997
997
999
1011
999
997
1001
1000
997
999
997
1000
998
998
1001
999
999
1013
1000
999
999
1013
997
1000
999
999
1016
1001
1000
999
1014
1000
998
998
1013
1014
999
1001
997
1011
1013
997
995
998
999
998
996
997
998
997
998
997
997
998
998
996
998
1011
1015
997
996
1012
997
1014
998
998
1012
997
998
997
1013
997
997
1012
998
996
997
998
1013
1011
997
997
998
1017
1012
996
998
999
1010
998
997
999
1014
998
998
997
1014
997
999
998
999
998
998
1014
997
998
1012
997
997
998
997
998
997
998
998
1013
999
998
997
1011
1016
998
1001
1000
1013
1017
1014
999
997
998
1000
999
1017
1013
1001
999
999
1015
1000
1001
999
998
1014
1031
1000
999
1013
999
998
998
1000
1010
1001
1000
997
1011
1001
1002
997
996
1000
997
997
997
1012
1000
998
999
1011
998
998
1015
997
1013
1000
1013
997
1010
997
998
997
1000
998
996
996
997
1012
997
998
995
1000
1000
999
997
997
1011
998
997
998
1011
997
997
997
999
997
998
996
998
1011
998
999
998
998
998
999
998
997
1012
998
997
1016
998
1012
996
999
997
1012
998
999
999
998
996
997
1015
997
998
999
1000
998
998
996
997
1031
999
1015
999
1000
999
999
999
1000
1000
1000
1014
1000
996
1000
1014
999
1014
999
999
999
999
1000
999
1014
1012
1000
999
997
999
999
999
996
1014
998
999
997
1016
1001
1001
999
998
1013
1000
997
999
1012
998
998
997
1015
998
1015
998
1014
1012
997
998
998
1011
998
997
999
1000
1013
996
1030
997
1010
999
997
996
997
1011
997
999
1002
1011
997
999
997
997
1015
997
997
999
998
998
999
997
1013
1001
998
999
999
1011
1012
999
998
1011
996
998
998
999
996
997
997
998
1011
1001
996
1014
996
999
999
1030
1000
1014
998
1001
996
999
998
999
998
999
1015
999
1017
999
997
997
999
998
1016
1011
999
998
1000
996
999
999
997
999
1011
998
998
997
1013
996
998
1015
997
1011
996
996
997
1012
998
998
997
1011
1001
997
997
997
997
1014
999
997
1011
1000
996
997
998
1012
997
997
996
1012
997
998
999
999
1014
1011
996
998
1015
996
997
999
997
999
997
998
997
996
998
997
997
1011
999
1030
998
998
1013
998
996
997
998
996
1001
1001
998
1014
996
1000
997
1012
998
998
998
998
1013
999
997
998
1014
999
998
1015
1014
1013
998
999
999
1015
998
998
1000
998