D3 400
434
417
418
411
426
418
419
418
417
411
403
410
417
421
437
411
409
409
413
418
417
429
431
417
417
418
433
435
418
417
417
417
417
405
408
429
417
407
417
433
408
418
417
434
418
410
418
417
430
417
411
418
434
420
418
418
417
421
417
417
415
431
424
417
418
418
417
404
434
420
417
418
417
417
431
414
418
427
416
431
417
433
451
417
413
418
414
426
418
416
412
415
419
419
416
405
417
414
418
417
431
416
420
418
404
415
417
417
418
418
431
426
418
416
414
417
405
419
410
430
416
416
417
409
418
432
427
432
419
412
409
414
414
407
418
418
417
436
426
416
417
420
434
433
417
417
408
420
412
432
410
434
427
435
404
416
434
407
436
415
418
418
419
410
406
419
409
416
434
411
417
435
417
431
418
413
432
433
417
425
413
435
435
418
407
417
429
416
418
418
417
413
415
408
418
418
407
415
435
430
417
417
433
433
417
417
410
417
417
418
407
420
432
415
407
418
415
431
428
414
417
417
420
415
414
434
417
417
483
416
418
417
411
410
413
418
411
418
440
409
415
411
423
417
417
410
415
409
419
436
417
419
418
419
417
434
417
411
433
405
410
419
402
417
424
410
434
436
432
423
418
428
414
413
417
408
414
423
418
431
414
432
418
418
404
417
418
417
418
409
415
417
407
409
429
417
417
416
418
412
417
434
417
417
407
419
431
403
419
417
418
417
419
418
418
420
414
434
420
405
427
418
404
418
417
417
415
414
417
411
417
417
411
431
408
412
408
434
412
414
403
424
410
417
415
431
430
417
415
413
436
410
417
418
417
415
433
414
409
440
406
420
417
433
418
410
416
419
418
400
411
414
415
425
408
417
404
415
407
414
418
428
414
431
443
406
411
429
415
424
417
408
435
418
419
433
409
417
423
433
403
428
409
414
415
434
419
418
419
431
418
417
433
434
413
420
418
406
409
423
419
417
417
418
409
434
417
417
411
434
429
406
434
417
417
417
431
416
417
416
417
411
416
435
417
433
419
414
417
418
418
417
411
416
418
410
417
418
417
417
416
414
433
419
404
410
417
433
428
407
429
405
417
417
413
432
417
406
416
418
430
410
405
408
417
414
417
420
433
418
411
407
418
408
418
425
406
433
419
415
410
435
415
433
433
434
411
412
435
417
434
416
413
420
430
407
418
412
434
435
417
433
411
413
418
418
409
422
412
433
417
414
407
417
414
434
403
418
418
412
436
418
435
417
427
406
405
435
424
418
413
416
420
418
409
416
431
434
435
439
412
420
410
418
405
414
412
434
425
421
418
411
412
434
432
418
421
420
417
407
415
433
417
418
407
435
408
426
435
415
404
404
433
417
415
419
406
417
409
418