D4 400
431
431
430
447
463
431
428
447
430
430
431
429
447
429
431
447
429
445
429
431
430
429
430
430
444
428
445
429
430
428
446
430
431
447
429
430
430
430
429
430
428
448
446
446
448
430
430
431
428
429
446
430
444
447
430
444
443
431
429
428
441
432
428
430
445
443
429
432
447
427
428
430
429
430
432
445
446
430
441
430
445
429
464
446
447
429
431
431
430
446
431
445
449
429
444
426
445
432
445
429
431
428
429
430
447
446
431
427
444
446
428
428
445
430
430
447
429
443
430
430
430
478
429
444
429
432
430
430
448
431
444
444
446
447
445
431
431
445
430
447
447
445
431
430
431
429
433
444
428
431
431
445
429
445
429
448
446
430
430
428
430
428
446
446
429
446
429
430
446
426
446
444
444
447
446
447
432
444
428
428
448
444
430
429
430
430
446
442
446
461
445
429
447
429
428
445
430
429
447
494
427
428
445
429
430
428
445
430
428
446
430
429
429
447
431
446
443
428
428
431
429
446
448
428
447
431
429
430
480
444
430
431
427
428
445
430
430
446
432
430
448
447
427
429
445
430
443
429
447
443
445
429
431
446
446
447
427
430
430
444
446
429
432
446
432
428
443
443
447
430
428
428
446
429
448
445
429
446
429
431
446
445
427
445
426
444
447
429
429
428
429
445
428
430
428
430
446
430
445
446
429
431
428
446
446
445
448
431
430
430
447
444
431
431
445
427
444
443
428
429
430
432
430
448
442
430
429
430
445
432
430
431
428
427
429
431
445
445
430
431
447
447
429
447
429
444
434
446
445
462
445
430
446
448
429
429
431
447
442
422
429
429
446
431
432
430
430
446
427
428
429
446
430
443
514
448
430
445
429
429
444
427
430
446
465
446
429
431
430
431
444
445
430
443
446
431
430
440
428
428
447
430
429
446
430
427
448
429
428
429
442
444
430
478
430
445
446
445
446
430
445
445
429
448
429
446
429
428
429
447
430
429
444
447
428
429
426
445
446
429
445
428
429
428
429
446
429
432
432
445
429
429
466
445
430
430
447
429
430
430
427
447
428
446
429
429
444
429
449
444
428
430
430
430
431
431
444
428
427
443
432
429
446
445
446
447
430
446
430
429
431
483
444
430
446
448
429
430
447
430
429
431
428
431
430
453
429
430
447
447
448
429
445
430
447
445
429
445
442
426
427
429
429
430
430
446
430
429
444
429
450
444
444
430
446
445
430
445
430
446
427
461
446
430
445
446
430
430
444
430
445
429
447
446
430
429
431
446
428
428
430
446
444
445
428
445
446
431
430
435
429
444
431
430
429
445
443
430
443
453
448
431
444
431
429
446
431
432
431
429
445
445
432
430
429
444
444
430
436
432