1201
1208.0000000000002
1210
1213
1211
1208
1209
1213
1218
1215.0000000000002
1213
1216
1215.0000000000002
1214
1209
1208.0000000000002
1206
1215
1218
1215.0000000000002
1204
1202
1211
1216
1214
1214.0000000000002
1207.0000000000002
1203
1207
1212
1217
1204
1213
1218
1214
1217.0000000000002
1212
1212
1216
1223
1225.0000000000002
1213
1232.0000000000002
1222.0000000000002
1213.0000000000002
1233
1219
1223.0000000000002
1226
1228
1229
1205
1202
1207.0000000000002
1218
1209
1211
1207
1228.0000000000002
1217.0000000000002
1208
1202
1229
1217
1206
1213
1218.0000000000002
1203
1206
1205
1210
1209
1210
1207
1207
1213
1211
1203
1204
1217.0000000000002
1207
1206
1211
1210
1203
1211
1209
1219
1203
1212.0000000000002
1203.0000000000002
1206
1217
1217
1208
1211
1209.0000000000002
1212
1212.0000000000002
1203
1207
1211
1212.0000000000002
1211.0000000000002
1212
1212
1213
1205.0000000000002
1213
1210.0000000000002
1215.0000000000002
1215
1214
1219.0000000000002
1209
1215
1216
1203
1206
1217
1216
1203.0000000000002
1212
1216
1212
1217
1206
1211
1214.0000000000002
1231
1230.0000000000002
1210
1215.0000000000002
1222
1229
1212
1219.0000000000002
1231
1218.0000000000002
1221.0000000000002
1206
1208
1211
1205
1202
1211
1216
1201
1204
1210
1205
1211
1213
1211
1216
1212.0000000000002
1232.0000000000002
1205.0000000000002
1217.0000000000002
1205
1212.0000000000002
1213.0000000000002
1214.0000000000002
1201
1204
1201
1204
1213
1202
1212.0000000000002
1211.0000000000002
1203
1218
1204
1215.0000000000002
1211
1218
1202
1203
1207
1206
1215
1216.0000000000002
1204.0000000000002
1205
1203
1208
1213
1218.0000000000002
1202
1213.0000000000002
1209
1212
1213.0000000000002
1217.0000000000002
1206
1212
1212.0000000000002
1216.0000000000002
1216.0000000000002
1214.0000000000002
1215
1220
1206
1206
1203
1209
1218.0000000000002
1206
1213.0000000000002
1207
1203
1213.0000000000002
1208
1218
1205
1217
1212
1217.0000000000002
1204
1210
1212
1231
1205.0000000000002
1217
1211
1208
1213
1227
1223
1207
1211
1217.0000000000002
1205
1207
1212
1218
1206
1209
1226.0000000000002
1208
1212
1203
1210
1212
1206
1204
1208
1204
1208
1205
1217.0000000000002
1203
1221
1214.0000000000002
1210.0000000000002
1211
1202
1217.0000000000002
1223
1213
1229.0000000000002
1235
1203
1208
1211
1216
1204
1206
1211
1215
1209
1213
1203
1219
1203
1207
1202
1210
1204
1211
1201
1205
1212
1215
1218
1216
1218
1218
1217
1205
1205
1208
1207
1213
1217.0000000000002
1211
1219
1202
1215.0000000000002
1202
1208
1209
1213
1217.0000000000002
1219.0000000000002
1202
1204
1206
1203.0000000000002
1212
1219
1209
1214
1203
1202
1202
1204
1204
1210.0000000000002
1219
1225
1231
1220
1221.0000000000002
1208
1212
1210.0000000000002
1204
1214
1203
1209
1214
1217
1206
1217
1211.0000000000002
1211
1205.0000000000002
1217.0000000000002
1207
1213
1205
1215
1213.0000000000002
1217
1227
1204
1227
1211
1208.0000000000002
1214
1216.0000000000002
1202
1204
1219
1220
1204
1203
1207
1212
1217
1208
1220
1208
1210
1216
1203
1216
1208.0000000000002
1214
1215
1217
1212.0000000000002
1216.0000000000002
1205
1206
1206
1210
1211
1218
1233.0000000000002
1208.0000000000002
1204
1211
1217
1216.0000000000002
1210
1214.0000000000002
1205
1212
1213
1211.0000000000002
1204
1204
1212
1217.0000000000002
1218.0000000000002
1213
1201
1223.0000000000002
1229.0000000000002
1226.0000000000002
1219.0000000000002
1224
1229
1225.0000000000002
1230
1215.0000000000002
1205
1203
1208
1216
1212
1233
1219
1206
1225.0000000000002
1210
1212
1215
1218
1211.0000000000002
1203
1215.0000000000002
1229.0000000000002
1213
1204
1213
1204
1216
1212.0000000000002
1217
1219.0000000000002
1222
1204
1204
1208
1209
1215
1206
1207
1205
1203
1214.0000000000002
1209
1202
1205
1215.0000000000002
1214
1212
1204
1217.0000000000002
1215
1211
1205.0000000000002
1210
1217
1204
1204
1212.0000000000002
1205
1209
1218
1204
1207
1210
1216.0000000000002
1203
1201
1203
1217
1205
1218.0000000000002
1213
1202
1205
1206
1207
1204
1211
1202
1204
1209
1214
1217.0000000000002
1203
1212.0000000000002
1211
1212
1232
1218.0000000000002
1226.0000000000002
1226.0000000000002
1213.0000000000002
1232
1229.0000000000002
1231.0000000000002
1219
1211
1227.0000000000002
1225
1212.0000000000002
1213
1213
1207.0000000000002
1217.0000000000002
1205
1209
1218
1208.0000000000002
1220.0000000000002
1212
1214.0000000000002
1234
1205
1209
1212
1213.0000000000002
1212
1213
1212.0000000000002
1217.0000000000002
1213
1216.0000000000002
1203
1204
1210
1207
1204
1206
1205
1204
1208
1211
1211
1212.0000000000002
1213
1217
1204
1208
1212
1216
1234.0000000000002
1204
1204
1206
1219.0000000000002
1203
1215
1216
1219
1202
1203
1209
1216
1203
1208
1220
1203
1220.0000000000002
1202
1218.0000000000002
1210.0000000000002
1218
1219
1208
1219
1212
1216.0000000000002
1203
1208
1217.0000000000002
1220.0000000000002
1208
1212
1205
1217.0000000000002
1203
1204
1203
1216
1209
1213
1234
1205
1226.0000000000002
1228
1227.0000000000002
1202
1203
1220
1211
1216.0000000000002
1203
1201
1203
1211.0000000000002
1205
1211
1205
1212.0000000000002
1214.0000000000002
1219
1213
1204
1201
1207
1217
1213.0000000000002
1216
1205
1211
1202
1203
1202
1218.0000000000002
1210
1211.0000000000002
1219
1209.0000000000002
1215.0000000000002
1205.0000000000002
1215.0000000000002
1207.0000000000002
1210
1211
1208
1215.0000000000002
1217
1205
1207
1212
1206
1207
1217.0000000000002
1210
1210
1213
1219
1213.0000000000002
1218.0000000000002
1206.0000000000002
1204
1207
1214.0000000000002
1211
1212
1201
1206
1215
1218
1208
1234
1206
1201
1217
1211
1216
1212.0000000000002
1217.0000000000002
1207.0000000000002
1211
1213
1204
1211
1212
1211
1211.0000000000002
1218
1203
1206.0000000000002
1226
1211
1211
1200
1219.0000000000002
1211.0000000000002
1221
1228
1222
1202
1226
1204
1226
1213.0000000000002
1202
1202
1218
1203
1205
1212
1217
1218.0000000000002
1206
1209.0000000000002
1208
1219
1205
1212
1217
1211
1234
1202
1201
1214
1208.0000000000002
1214
1217
1215
1201
1203
1205
1213.0000000000002
1211
1211
1210
1207
1203
1217.0000000000002