1223.0649999983143
1214.7899999981746
1206.9849999970756
1205.7199999981094
1221.3250000022526
1224.8650000001362
1211.6150000001653
1225.86500000034
1210.8950000001641
1206.8250000011176
1211.1499999991793
1217.9850000029546
1212.2350000026927
1214.110000000801
1227.8350000015053
1219.2499999982829
1219.5749999991676
1216.5249999998196
1209.1499999987718
1209.6000000019558
1219.6750000002794
1213.9600000009523
1219.5399999982328
1235.2949999985867
1208.9999999989232
1206.2850000002072
1223.7000000022817
1209.0600000010454
1215.475000000879
1233.0799999981537
1206.3149999994494
1221.255000000383
1210.769999997865
1209.37000000049
1210.399999999936
1214.4200000002456
1217.6800000015646
1211.490000001504
1217.8149999999732
1219.1749999983585
1217.7899999987858
1209.0549999993527
1215.0449999971897
1215.729999999894
1207.620000001043
1214.6799999973155
1219.9150000014924
1214.5800000034797
1206.2200000000303
1208.6750000016764
1206.450000001496
1206.369999999879
1213.7150000016845
1205.9149999986403
1212.2250000029453
1227.1949999994831
1217.0200000000477
1213.354999999865
1221.5249999972002
1213.5100000014063
1210.0099999988743
1218.3100000002014
1217.369999998482
1213.4399999995367
1212.9399999976158
1224.419999998645
1218.0700000026263
1216.5050000003248
1217.4300000006042
1212.999999999738
1222.3750000011933
1215.5349999993632
1217.2650000029535
1215.6300000024203
1216.3350000009814
1211.7899999939254
1216.7350000017905
1215.379999994184
1214.8250000027474
1229.9499999935506
1214.1549999942072
1238.1850000019767
1224.6299999969779
1217.4250000025495
1213.3499999981723
1211.6400000013527
1213.7000000002445
1205.2499999990687
1223.1800000008661
1224.6349999986705
1229.9299999940558
1220.5449999964912
1212.359999997716
1210.5349999983446
1212.3799999972107
1212.2400000007474
1224.8449999970035
1205.2749999929802
1208.344999999099
1211.4999999976135
1219.36000000278
1213.2050000000163
1219.3899999983842
1218.1999999957043
1212.6749999952153
1210.6050000002142
1219.3149999948218
1232.3399999950198
1224.4599999976344
1223.6499999999069
1210.639999997511
1210.3149999966263
1208.104999997886
1206.675000001269
1212.3700000011013
1211.185000000114
1227.1599999949103
1204.4999999998254
1204.505000001518
1218.5650000028545
1216.2049999969895
1208.615000003192
1214.075000003504
1213.1749999971362
1205.5300000065472
1215.5099999945378
1231.8799999993644
1215.2700000006007
1203.605000002426
1225.9399999966263
1207.830000006652
1224.4300000020303
1207.6900000029127
1227.8349999978673
1215.635000000475
1224.914999998873
1229.4800000017858
1212.744999997085
1214.22000000166
1228.0899999968824
1217.6600000020699
1235.034999997879
1207.1149999974295
1226.360000000568
1215.1799999992363
1211.3549999994575
1216.7849999968894
1229.4699999984005
1210.9400000044843
1216.0299999959534
1210.9849999978906
1227.7549999998882
1209.100000000035
1222.0549999983632
1210.704999997688
1210.0899999932153
1237.619999999879
1228.2750000013039
1212.7700000055484
1209.290000006149
1210.4099999996834
1220.5749999993714
1212.135000001581
1207.2449999977835
1210.6199999980163
1209.1899999941234
1229.0300000022398
1212.4750000002678
1210.5499999961467
1235.6399999989662
1221.3399999964167
1224.3900000030408
1214.9050000007264
1229.4350000011036
1207.9550000053132
1231.1999999947147
1214.7550000008778
1233.7200000038138
1218.8699999969685
1230.5550000019139
1208.6449999987963
1221.9350000013947
1209.7649999996065
1221.384999997099
1212.585000001127
1203.2800000015413
1205.869999997958
1220.11499999644
1234.7349999981816
1231.4449999976205
1220.3200000003562
1227.599999998347
1221.574999995937
1216.8049999963841
1221.3150000025053
1204.5349999971222
1211.3749999989523
1209.9549999984447
1214.799999994284
1206.3100000013947
1211.5800000028685
1209.4450000004144
1232.575000001816
1226.2599999958184
1213.6450000034529
1211.1599999989267
1216.840000000957
1226.425000000745
1214.2949999979464
1214.639999998326
1216.679999997723
1229.3899999931455
1217.9749999995693
1208.0199999982142
1206.2299999961397
1221.0250000061933
1218.9049999942654
1215.9599999940838
1212.455000000773
1207.6899999956368
1213.4900000019115
1213.1399999998393
1219.1050000037649
1232.029999999213
1208.4849999955622
1224.804999998014
1230.7799999980489
1219.9000000036904
1205.2049999983865
1215.4049999953713
1216.565000002447
1221.9699999986915
1205.7700000004843
1204.9100000003818
1224.6299999969779
1232.5799999962328
1218.6099999962607
1210.2900000027148
1213.739999999234
1215.5149999962305
1216.2500000049477
1207.1450000003097
1213.1650000010268
1223.7950000053388
1214.6500000017113
1210.8200000002398
1214.6599999978207
1211.4199999996345
1217.369999998482
1216.1049999995157
1207.65499999834
1234.164999994391
1217.7200000005541
1207.139999998617
1214.8999999990338
1225.4749999992782
1214.6900000007008
1215.3099999995902
1219.875000002503
1212.5650000016321
1220.6999999980326
1219.1800000000512
1222.9600000064238
1223.2900000017253
1215.1900000026217
1229.445000004489
1216.519999994489
1213.049999998475
1214.49500000017
1224.6000000013737
1239.2949999994016
1231.3349999967613
1206.0249999994994
1206.5550000043004
1206.5700000021025
1235.4550000018207
1220.6149999983609
1213.5899999993853
1224.6250000025611
1220.8099999988917
1209.32499999617
1215.1649999941583
1228.930000004766
1208.4900000045309
1208.6449999987963
1210.9200000049896
1212.3700000011013
1206.5199999997276
1216.484999997192
1225.2349999980652
1212.4849999963772
1209.8899999982677
1211.2599999964004
1218.0000000007567
1206.785000002128
1221.8300000022282
1226.505000006
1203.3099999971455
1208.184999995865
1233.780000002298
1226.4349999968545
1204.810000002908
1222.075000005134
1215.714999998454
1216.5750000058324
1217.5800000040908
1219.9649999965914
1211.8850000042585
1208.8950000033947
1212.2100000051432
1213.5699999998906
1217.514999996638
1211.7300000027171
1209.7050000011222
1213.4300000034273
1215.41000000434
1208.7249999967753
1227.6999999958207
1217.4450000020443
1211.8150000023888
1204.4549999991432
1215.0850000034552
1204.4449999957578
1213.4399999995367
1214.560000000347
1209.0649999954621
1226.0800000003655
1205.3500000038184
1213.3150000008754
1211.2599999964004
1214.9649999992107
1215.264999998908
1215.6900000045425
1213.4549999973387
1214.5549999986542
1213.88499999739
1219.8050000006333
1208.200000000943
1216.869999996561
1215.539999997418
1217.9049999976996
1216.824999995879
1206.2850000002072
1222.6700000028359
1210.3800000040792
1202.2450000004028
1208.489999997255
1211.9700000039302
1216.4649999976973
1213.9349999997648
1218.4350000025006
1231.3999999969383
1220.7800000032876
1212.8200000006473
1214.944999999716
1227.0250000001397
1218.1500000006054
1228.6450000028708
1209.4949999955134
1223.3450000057928
1222.3250000024564
1226.6850000014529
1213.994999998249
1214.5649999947636
1212.1550000010757
1213.3799999937764
1208.5949999964214
1220.6799999985378
1206.8450000006123
1206.5000000002328
1225.7749999989755
1207.894999999553
1210.1649999967776
1207.8199999959907
1215.8699999999953
1213.9200000019628
1230.6249999965075
1212.374999995518
1220.2350000006845
1229.684999998426
1214.0350000045146
1228.6349999994854
1221.3550000014948
1215.1000000012573
1208.5749999969266
1206.1099999991711
1211.2399999969057
1207.0049999965704
1213.8599999962025
1207.0400000011432
1208.2599999994272
1210.9550000022864
1219.3000000042957
1233.939999998256
1209.0949999983422
1205.8350000006612
1226.184999999532
1206.9699999992736
1213.4749999968335
1230.840000003809
1220.499999995809
1221.8599999978323
1210.8450000014273
1226.2849999970058
1226.9099999975879
1223.8299999953597
1213.869999999588
1213.1550000049174
1216.3599999985308
1205.920000000333
1228.8599999956205
1207.300000001851
1225.8549999969546
1206.5250000014203
1208.9000000050873
1203.9149999982328
1216.3349999973434
1220.6650000007357
1206.545000000915
1218.1950000012876
1202.7049999960582
1208.039999997709
1213.0449999967823
1207.605000003241
1210.014999996929
1208.0849999983911
1230.4449999937788
1225.7399999944028
1213.2999999957974
1213.514999995823
1221.770000003744
1212.8100000045379
1210.800000000745
1219.424999995681
1206.610000001092
1206.865000000107
1212.0900000008987
1207.6449999949546
1207.0400000011432
1206.8700000017998
1213.2500000006985
1208.6100000014994
1210.269999995944
1223.839999998745
1211.9650000022375
1208.6699999999837
1208.3400000046822
1212.854999997944
1232.159999999567
1216.9549999962328
1209.7750000029919
1214.5149999996647
1227.1600000021863
1219.2450000002282
1209.434999997029
1222.3900000026333
1222.8500000055647
1217.4749999976484
1226.9649999943795
1225.4400000019814
1215.3000000034808
1224.114999997255
1228.1949999960489
1210.0100000025122
1213.4949999963283
1234.519999998156
1210.465000003751
1223.89000000112
1225.1000000032946
1227.83999999956
1213.7450000009267
1212.3300000021118
1213.7699999948381
1212.7250000048662
1218.844999995781
1210.4599999947823
1211.1750000040047
1210.945000006177
1211.3499999977648
1209.6999999994296
1213.5549999948125
1226.054999999178
1213.660000001255
1227.9899999994086
1213.6350000000675
1205.8849999957602
1213.4549999973387
1209.4500000021071
1216.0099999964586
1209.1450000007171
1207.2150000021793
1229.2099999976926
1216.325000001234
1211.6249999962747
1210.4549999930896
1209.5999999946798
1211.2300000007963
1226.6899999958696
1211.9300000049407
1220.0599999996484
1204.7400000010384
1208.4850000028382
1203.5299999988638
1214.414999994915
1218.6250000013388
1214.2800000001444
1212.0799999975134
1210.5250000022352
1209.3949999980396
1208.2700000028126
1216.3650000002235
1229.6799999967334
1210.3050000005169
1223.4250000037719
1208.4500000055414
1205.8049999977811
1214.4649999972899
1228.900000001886
1202.3400000034599
1211.7599999983213
1224.7450000068056
1225.3450000062003
1219.1549999988638
1205.085000001418
1233.1750000012107
1216.6849999994156
1204.714999999851
1211.4050000018324
1214.7400000030757
1213.754999997036
1222.08999999566
1216.339999999036
1210.2799999993294
1225.1550000000861
1216.9899999935296
1229.090000000724
1218.1850000051782
1213.820000004489
1221.2150000050315
1219.1250000032596
1216.4399999965099
1222.685000000638
1208.5450000013225
1204.3799999955809
1210.784999995667
1219.810000002326
1207.139999998617
1221.384999997099
1208.5799999986193
1224.435000003723
1207.699999999022
1232.5800000035088
1205.6999999986147
1230.714999997872
1215.860000003886
1218.4550000019954
1209.0949999983422
1216.6649999999208
1204.3550000016694
1225.6199999974342
1210.2299999969546
1203.7949999939883
1208.4849999955622
1223.1800000008661
1219.199999999546
1234.0449999974226
1215.3049999978975
1235.000000000582
1205.6400000001304
1229.6950000018114
1222.685000000638
1212.0950000025914
1209.7750000029919
1233.219999994617
1210.3150000039022
1216.5400000012596
1211.8950000003679
1206.2000000005355
1216.1049999995157
1209.2399999964982
1209.5750000007683
1206.4200000022538
1205.4800000041723
1208.0249999999069
1223.1099999989965
1214.7299999996903
1228.8400000034017
1204.424999996263
1233.7199999965378
1231.9100000022445
1219.0600000030827
1210.639999997511
1213.819999997213
1228.3150000002934
1219.1699999966659
1215.1500000036322
1218.2549999997718
1214.4100000004983
1205.150000001595
1213.6000000027707
1213.8249999989057
1213.194999996631
1208.8049999947543
1236.9699999981094
1208.4049999975832
1204.7749999983353
1204.4150000001537
1205.6499999962398
1226.105000001553
1205.4600000046776
1212.7000000036787
1221.7949999976554
1219.3950000000768
1212.2100000051432
1219.230000002426
1209.7500000018044
1204.505000001518
1227.9899999994086
1215.5199999979232
1210.0399999981164
1233.3450000005541
1214.8699999961536
1216.5450000029523
1225.3549999950337
1218.1899999995949
1223.1599999940954
1217.994999999064
1213.30499999749
1215.9699999974691
1214.1800000026706
1211.540000003879
1217.5849999985076
1209.1749999963213
1227.8799999985495
1204.4150000001537
1216.0700000022189
1203.2400000025518
1210.8900000021094
1217.9699999978766
1223.469999997178
1213.2950000013807
1212.6199999984237
1206.400000002759
1207.5949999998556
1209.1650000002119
1208.4600000016508
1226.4450000002398
1206.1700000049314
1210.0750000026892
1205.5149999941932
1212.9249999998137
1211.1450000011246
1218.6500000025262
1215.025000004971
1218.2700000048499
1229.0999999968335
1222.2399999955087
1226.8399999957182
1212.8999999986263
1203.1450000067707
1223.504999994475
1207.475000002887
1206.529999995837
1208.6849999977858
1210.4200000030687
1207.075000005716
1207.1099999957369
1222.910000004049
1216.6749999960302
1218.589999996766
1219.0950000003795
1214.334999996936
1225.525000001653
1206.9350000019767
1206.4150000005611
1218.5500000050524
1218.220000002475
1213.1699999954435
1217.8300000014133
1211.4650000003166
1209.9400000006426
1220.854999999574
1214.1350000019884
1248.555000005581
1216.7499999995925
1204.024999999092
1211.169999995036
1208.2250000021304
1226.4450000002398
1222.7550000025076
1212.0750000030966
1219.1099999981816
1204.9599999954808
1202.4949999977252
1207.285000004049
1206.3800000032643
1224.804999998014
1204.200000000128
1205.8849999957602
1219.6100000001024
1209.8299999997835
1208.070000000589
1211.7550000039046
1206.8950000029872
1217.850000000908
1225.8049999945797
1215.3699999980745
1214.5799999998417
1228.5849999971106
1220.710000001418
1206.2599999990198
1206.9100000007893
1208.9150000028894
1233.3999999973457
1235.0599999990663
1214.2600000006496
1216.19500000088
1228.6299999977928
1216.2200000020675
1224.36999999627