1235
1228
1204
1213
1218
1211
1219
1204
1216
1236
1205
1216
1218
1212
1210
1218
1217
1216
1232
1218
1211
1216
1225
1230
1231
1202
1216
1216
1211
1213
1213
1212
1209
1212
1210
1235
1234
1211
1214
1219
1204
1208
1219
1216
1215
1221
1265
1235
1215
1204
1203
1219
1218
1207
1212
1211
1234
1212
1206
1231
1235
1223
1210
1210
1210
1217
1228
1226
1233
1227
1223
1205
1214
1214
1213
1220
1214
1207
1212
1222
1203
1217
1220
1210
1207
1205
1205
1213
1211
1213
1210
1235
1225
1226
1215
1211
1221
1207
1211
1219
1213
1216
1214
1217
1218
1215
1235
1213
1205
1215
1207
1210
1217
1219
1216
1265
1228
1233
1209
1207
1211
1219
1217
1207
1214
1210
1206
1226
1211
1227
1208
1208
1217
1213
1212
1209
1210
1213
1210
1232
1211
1236
1226
1220
1212
1219
1221
1225
1213
1206
1205
1219
1210
1212
1207
1203
1211
1235
1234
1214
1207
1222
1213
1219
1219
1225
1205
1219
1236
1209
1211
1213
1236
1219
1220
1215
1228
1210
1224
1209
1227
1202
1219
1218
1225
1214
1206
1227
1223
1213
1215
1212
1202
1208
1204
1243
1215
1209
1211
1213
1203
1212
1217
1204
1206
1218
1206
1218
1219
1203
1203
1210
1223
1205
1211
1205
1219
1213
1272
1214
1213
1231
1235
1221
1212
1214
1219
1227
1224
1216
1207
1228
1206
1220
1221
1219
1208
1218
1206
1210
1214
1217
1205
1213
1216
1231
1226
1225
1219
1209
1213
1218
1217
1222
1216
1215
1212
1215
1211
1206
1219
1229
1212
1206
1241
1212
1216
1213
1221
1218
1226
1215
1210
1217
1215
1204
1228
1211
1235
1210
1220
1219
1206
1217
1228
1221
1207
1239
1232
1221
1221
1214
1212
1227
1230
1221
1214
1219
1217
1292
1214
1217
1217
1211
1222
1212
1219
1215
1208
1215
1274
1219
1214
1214
1228
1208
1217
1225
1227
1228
1215
1216
1225
1213
1211
1208
1333
1212
1221
1210
1204
1210
1209
1210
1211
1219
1203
1211
1219
1236
1214
1209
1220
1227
1215
1213
1219
1219
1219
1209
1208
1220
1220
1233
1218
1216
1210
1210
1212
1225
1234
1214
1207
1216
1210
1210
1228
1208
1237
1212
1214
1211
1221
1215
1212
1214
1227
1209
1209
1239
1229
1211
1219
1210
1213
1211
1219
1226
1229
1226
1218
1226
1234
1207
1208
1221
1211
1205
1235
1212
1210
1204
1220
1217
1236
1208
1210
1214
1214
1231
1212
1226
1228
1213
1222
1210
1215
1208
1207
1221
1209
1213
1213
1209
1219
1209
1213
1226
1213
1206
1208
1231
1217
1214
1232
1205
1205
1208
1226
1218
1234
1206
1212
1212
1204
1212
1208
1245
1213
1219
1205
1205
1208
1209
1215
1214
1218
1223
1234
1202
1209
1220
1228
1228
1216
1220
1211
1219
1220
1205
1206
1211
1215
1213
1422
1210
1221
1230
1221
1230
1228
1220
1208
1212
1212
1219
1233
1220
1205
1204
1213
1205
1210
1235
1212
1220
1216
1205
1206
1207
1210
1496
1218
1233
1222
1210
1211
1219
1205
1221
1217
1217
1219
1206
1209
1216
1215
1215
1208
1227
1204
1220
1205
1219
1219
1212
1220
1210
1232
1235
1215
1225
1211
1212
1218
1212
1204
1215
1213
1218
1208
1211
1205
1218
1216
1204
1215
1207
1208
1217
1225
1210
1217
1211
1209
1212
1215
1210
1220
1205
1219
1213
1220
1215
1215
1211
1227
1206
1552
1214
1214
1211
1229
1224
1230
1218
1216
1215
1235
1220
1237
1210
1227
1218
1215
1215
1229
1227
1204
1211
1204
1209
1220
1217
1224
1593
1218
1215
1228
1215
1222
1208
1217
1212
1211
1216
1219
1222
1206
1210
1212
1206
1210
1222
1219
1211
1204
1218
1235
1219
1231
1210
1222
1214
1215
1218
1222
1209
1214
1205
1211
1206
1208
1204
1203
1220
1214
1217
1230
1208
1218
1221
1220
1227
1299
1214
1214
1204
1218
1222
1206
1213
1207
1213
1212
1220
1207
1221
1219
1221
1217
1210
1225
1210
1218
1228
1233
1223
1215
1214
1214
1230
1213
1215
1214
1212
1235
1211
1223
1211
1211
1210
1213
1212
1210
1215
1215
1234
1230
1214
1296
1216
1220
1236
1216
1218
1228
1215
1204
1211
1207
1226
1214
1214
1220
1217
1210
1215
1212
1204
1220
1221
1214
1215
1236
1214
1219
1369
1206
1216