D3 1000
1005
997
1004
993
1003
1015
998
997
993
1004
1014
993
992
990
996
1005
1000
991
1002
996
1002
997
1003
990
993
1013
994
1000
990
1002
1003
999
992
992
989
1009
1004
1004
998
1002
1005
996
987
990
999
1012
990
995
991
988
1004
1001
992
1000
1001
1016
1003
993
999
997
1013
992
999
996
988
1014
998
996
991
1005
1010
1005
1001
995
995
1012
989
998
994
1002
1009
995
992
991
1001
1007
1002
1000
990
1003
1013
1001
992
1003
996
1007
992
993
1004
989
1002
994
1000
991
989
1002
989
994
1002
1002
1013
998
992
1007
1004
1006
1004
994
994
995
1013
996
994
992
992
1014
991
992
990
1001
1008
998
1000
998
996
1008
988
1004
1004
999
1015
1004
991
993
993
1003
1002
1000
1004
1004
1010
991
990
993
997
1006
990
1005
1003
1004
1007
1003
995
988
1002
1010
993
1000
990
1005
1008
1002
997
994
1005
1007
1003
1000
1001
991
1017
999
1000
990
996
1007
996
1000
994
992
1010
994
1003
992
992
1007
993
1002
1006
991
1004
995
1003
1000
990
1002
999
988
997
1004
1003
991
990
1001
989
1003
1003
999
999
993
1005
993
1000
997
1003
1011
998
990
1002
1001
1014
988
999
1004
994
1015
992
998
992
999
1001
1000
994
993
993
1006
997
998
995
992
1004
997
990
1001
992
1001
1002
994
1003
1001
1000
998
1002
989
990
1017
1002
1004
991
998
1016
992
988
993
990
1008
989
988
1003
1000
1015
1002
992
1004
1000
1002
999
997
988
992
1013
999
995
995
1003
1014
1000
997
1003
1001
1004
993
989
1003
993
1017
999
1001
994
992
1012
996
998
996
989
1004
991
989
1000
1004
1001
996
995
998
992
1011
989
999
1002
999
1013
992
1000
998
997
1003
995
1004
998
1004
1011
1001
994
998
998
1007
1000
1004
995
999
1004
996
1001
995
995
1012
988
990
999
989
1010
1002
991
999
1003
1008
992
1003
1003
1000
1000
990
994
998
999
1012
993
1004
988
1004
1012
1004
995
991
1000
1008
997
992
1004
1002
1003
1002
998
1003
1005
1009
1001
1004
999
991
1007
1004
1004
992
989
1002
993
988
1003
990
1000
998
1003
1001
990
1015
999
1000
1001
1001
1001
1004
997
994
1001
1010
1004
998
996
995
1010
988
1000
1005
993
1007
1005
1002
999
989
1005
996
990
1001
998
1005
993
991
990
995
1001
1004
1001
991
994
1014
997
991
997
997
1007
1000
1002
992
991
1019
988
1000
1000
1002
1009
991
999
999
1004
999
999
1000
995
994
1003
999
994
999
994
1012
999
1002
997
1004
1009
999
1005
992
988
1017
993
992
1001
998
1003
1004
999
998
994
1004
1002
995
993
1004
1001
1004
999
1008
991
1013
992
999
996
992
1008
1002
990
994
995
1009
1001
989
1002
991
1001
994
997
997
999
1014
990
994
989
999
1007
998
998
1000
997
1016
991
990
986
993
1014
993
993
1005
999
1015
998
998
997
997
1006
1001
1000
990
1000
1012
996
1001
989
1004
1008
990
1004
995
1003
1009
994
996
990
1032
1010
996
996
993
1003
1010
1002
1000
1001
993
1009
1003
1002
993
998
1008
996
997
999
990