D4 1000
1031
1034
1033
1046
1033
1034
1034
1033
1047
1033
1034
1035
1034
1046
1034
1032
1034
1032
1045
1034
1034
1035
1032
1044
1034
1032
1033
1033
1045
1034
1033
1034
1034
1046
1035
1033
1033
1034
1046
1032
1033
1033
1034
1045
1033
1033
1035
1033
1045
1033
1035
1034
1034
1043
1033
1036
1034
1032
1044
1033
1035
1034
1033
1043
1035
1035
1036
1034
1046
1033
1037
1033
1033
1044
1035
1035
1032
1033
1047
1034
1035
1035
1034
1047
1032
1036
1033
1034
1047
1033
1033
1032
1034
1045
1034
1032
1034
1033
1043
1033
1030
1035
1035
1048
1033
1032
1033
1033
1044
1034
1034
1033
1032
1045
1035
1034
1033
1033
1044
1037
1033
1035
1033
1044
1033
1036
1033
1033
1049
1033
1032
1033
1033
1047
1035
1033
1036
1034
1045
1032
1034
1035
1032
1044
1032
1035
1036
1032
1046
1033
1031
1036
1034
1045
1034
1034
1034
1034
1046
1035
1033
1033
1032
1045
1034
1031
1034
1034
1043
1034
1034
1033
1033
1046
1032
1036
1034
1032
1047
1035
1035
1036
1033
1044
1033
1034
1034
1033
1047
1033
1033
1035
1033
1045
1034
1034
1036
1033
1045
1031
1035
1036
1035
1047
1032
1033
1033
1034
1049
1035
1033
1033
1030
1043
1035
1030
1034
1032
1047
1033
1031
1035
1033
1046
1034
1034
1036
1031
1046
1035
1033
1036
1032
1045
1035
1031
1035
1033
1047
1033
1034
1033
1035
1046
1033
1032
1033
1033
1044
1035
1034
1035
1034
1043
1032
1034
1035
1034
1044
1034
1034
1035
1034
1047
1034
1033
1036
1034
1047
1034
1032
1033
1034
1047
1034
1034
1035
1036
1045
1034
1032
1032
1033
1046
1033
1035
1033
1034
1047
1033
1034
1036
1033
1047
1033
1033
1034
1034
1046
1033
1035
1035
1033
1046
1033
1031
1035
1033
1045
1032
1032
1033
1032
1044
1035
1034
1033
1033
1045
1032
1034
1033
1036
1045
1032
1035
1034
1033
1046
1033
1035
1033
1034
1047
1033
1031
1033
1034
1046
1032
1032
1035
1033
1044
1033
1034
1033
1034
1044
1033
1032
1036
1034
1046
1034
1033
1035
1033
1046
1035
1032
1036
1034
1044
1035
1034
1034
1031
1045
1034
1033
1033
1035
1044
1034
1031
1033
1030
1045
1032
1034
1035
1034
1047
1033
1033
1035
1035
1044
1033
1030
1035
1032
1045
1033
1034
1036
1034
1045
1035
1033
1034
1032
1045
1033
1032
1032
1033
1046
1034
1036
1035
1033
1044
1035
1030
1034
1032
1047
1033
1035
1034
1032
1046
1035
1034
1034
1035
1046
1033
1035
1035
1033
1046
1034
1034
1033
1032
1049
1033
1035
1035
1034
1044
1032
1032
1035
1035
1046
1033
1033
1034
1034
1047
1034
1032
1034
1035
1046
1033
1032
1035
1033
1043
1032
1030
1034
1033
1045
1033
1036
1035
1033
1045
1033
1034
1035
1033
1044
1034
1034
1036
1032
1045
1034
1032
1036
1033
1044
1034
1033
1036
1033
1044
1033
1032
1035
1034
1045
1033
1036
1033
1032
1045
1034
1035
1033
1034
1042
1032
1034
1034
1034
1046
1032
1032
1034
1032
1047
1033
1037
1031
1032
1045
1033
1035
1036
1032
1047
1033
1033
1036
1033
1047
1034
1036
1034
1036
1048
1034
1033
1033
1035
1047
1034
1035
1035
1034
1047
1033
1032
1035
1033
1044
1033
1033
1035
1035
1046
1033
1031
1034
1033
1044
1032
1033
1034
1036
1046
1059
1033
1031
1033
1044
1035
1033
1035
1035
1048
1036
1036
1033
1034
1045
1032
1035
1033
1034
1045
1032
1034
1034
1031
1043
1033
1036
1033
1033
1047
1035