D3 400
408
402
402
411
404
414
412
414
411
411
412
410
412
410
412
408
408
411
410
411
411
406
415
407
415
414
407
416
415
411
408
410
409
408
405
403
415
413
414
413
411
415
410
410
409
406
402
410
407
405
402
414
403
402
414
415
414
411
405
408
406
401
416
413
407
403
410
406
418
403
416
413
409
405
403
410
402
415
416
407
416
404
415
411
411
403
414
403
414
411
405
404
414
415
408
404
415
412
403
417
412
405
418
416
407
406
401
417
413
409
414
409
405
417
412
406
405
401
413
416
411
402
415
409
408
407
403
416
412
410
406
410
402
415
412
411
403
414
412
411
410
411
417
415
411
404
417
411
410
411
406
402
414
413
409
414
407
402
411
404
401
412
415
408
404
412
409
405
401
414
406
405
402
414
413
410
409
413
415
410
409
404
415
412
406
401
413
410
404
415
410
410
409
405
400
405
413
413
406
416
410
412
405
409
401
415
413
407
402
415
402
416
412
408
405
408
406
401
415
413
402
416
415
409
408
404
417
414
414
410
412
414
414
410
409
406
402
409
410
406
418
415
409
405
416
412
413
403
412
414
411
410
409
404
414
415
413
411
407
402
405
414
404
411
406
401
414
413
404
401
413
406
415
410
406
412
410
404
401
412
401
402
412
404
400
412
403
401
410
415
413
414
415
410
410
406
404
417
404
405
416
414
409
411
405
405
401
413
401
407
403
416
416
414
413
403
416
410
407
406
402
415
411
408
405
416
414
410
401
409
410
406
403
413
411
404
401
413
404
401
416
411
411
404
414
415
411
400
413
416
410
404
415
415
412
410
417
412
414
410
412
410
403
417
416
401
411
413
405
416
414
406
418
414
411
402
412
408
404
406
414
410
412
405
401
412
407
400
407
403
416
410
405
416
415
411
403
415
415
411
411
402
415
410
404
417
416
417
412
415
414
411
403
413
409
402
403
415
413
414
416
411
403
402
401
415
414
412
412
406
410
404
401
410
407
402
415
413
405
417
414
411
403
416
415
408
403
410
416
409
403
417
412
407
409
402
407
405
402
412
409
416
416
412
414
412
404
409
416
414
413
408
403
413
412
405
416
412
407
403
416
410
409
408
414
408
403
413
417
414
408
401
413
411
405
415
413
412
417
414
406
416
410
405
413
414
409
405
417
413
414
416
414
406
402
415
414
414
407
400
414
403
417
409
405
401
410
406
402
410
410
406
417
412
413
410
405
406
414
409
404
413
413
413
416
410
407
401
415
415
405
403
411
414
415
413
406
415
404
406
416
410
405
415
407
401
412
404
414
413
408
403
416
412
405
413
410
404
418
411
411
410
405
415
410
405
403
412
417
410
406
417
414
410
406
409
401
410
413
409