D4 400
399
399
400
414
399
399
399
399
399
399
400
399
399
400
399
399
400
414
400
400
400
399
415
400
400
400
399
399
400
399
400
399
401
400
399
399
399
399
400
400
399
415
400
400
400
400
414
399
399
399
399
401
399
399
400
399
399
417
399
400
414
418
399
400
400
414
399
399
399
400
399
400
399
416
399
402
400
401
400
399
400
410
399
399
414
399
399
399
400
414
400
401
400
399
400
399
399
399
400
399
400
399
399
414
399
399
416
400
414
400
399
399
399
399
400
402
400
399
399
400
400
400
415
400
399
402
399
398
400
399
400
399
399
399
399
399
401
399
400
400
400
414
399
414
399
400
414
399
399
399
400
400
399
400
399
400
400
399
399
399
400
399
398
399
400
414
399
400
400
400
414
400
399
400
400
400
400
400
399
399
401
399
399
399
415
399
399
399
400
414
401
399
400
399
400
401
399
399
400
410
399
400
399
400
400
399
399
400
414
399
400
399
400
400
401
399
400
400
400
399
399
400
399
400
399
399
400
414
399
400
400
399
400
400
400
400
400
401
400
400
399
399
399
400
400
400
414
400
399
399
400
414
399
400
402
399
399
399
399
399
399
399
400
399
400
400
399
399
399
399
414
399
399
400
400
400
399
400
400
399
399
399
400
399
416
400
400
400
399
421
400
400
399
400
414
400
399
399
399
400
399
400
400
400
399
400
400
399
414
400
400
399
400
415
399
399
400
399
400
398
400
400
401
400
399
400
399
414
400
401
400
400
414
399
400
400
399
400
399
399
400
400
399
400
400
399
416
400
400
399
399
414
399
400
400
399
399
400
400
400
399
399
400
399
399
400
401
398
400
399
414
400
400
399
399
414
399
399
399
400
400
399
400
400
400
400
400
400
399
415
399
400
400
400
414
399
400
399
400
400
399
399
400
400
400
399
400
400
417
399
400
416
400
414
399
401
400
400
399
400
400
399
400
401
400
400
400
414
396
400
399
402
414
399
399
399
400
399
401
416
400
400
400
400
399
399
414
401
399
399
399
413
399
399
400
399
400
399
397
400
399
400
399
400
399
415
400
399
400
400
414
400
399
399
400
400
400
399
399
400
399
399
400
399
414
399
399
399
399
414
399
401
399
399
399
400
400
399
416
399
399
399
400
415
400
400
400
400
415
401
399
399
400
400
400
400
400
399
400
400
400
399
415
399
400
399
399
416
399
399
400
400
399
400
400
399
399
399
417
400
400
400
399
399
398
400
400
401
400
400
400
414
399
400
399
400
400
400
401
399
414
399
399
401
400
399
400
399
400
399
400
399
399
399
400
402
401
399
399
399
400
399
399
399
415
401
400
401
400
415
400
401
399
399
402
400
400
400
417
401