D3 150
186
190
167
190
166
177
188
184
179
192
170
185
170
164
191
182
180
178
191
176
188
169
185
164
179
195
193
190
166
164
180
190
171
183
179
193
188
171
168
165
177
191
168
167
164
165
179
194
189
168
195
190
169
176
189
168
191
187
169
180
180
175
190
169
179
167
176
175
169
174
166
164
179
172
179
192
169
169
168
165
193
169
169
168
168
169
166
164
178
188
182
183
166
179
177
188
185
182
168
169
196
180
190
172
184
169
164
181
175
170
180
180
171
178
189
178
171
171
168
164
182
167
178
196
179
192
170
194
186
172
168
175
169
169
189
169
179
181
193
170
169
185
173
180
186
177
184
164
184
168
194
188
171
170
181
178
179
190
169
181
180
197
181
180
180
192
173
175
166
192
167
169
180
181
182
192
175
177
172
175
168
164
179
189
170
166
177
179
177
170
171
168
183
179
191
169
167
196
179
194
177
170
167
175
170
170
171
169
170
167
179
168
170
167
177
173
169
168
170
164
168
183
178
179
167
180
190
173
187
170
165
174
173
169
164
193
171
170
164
182
179
176
170
336
178
169
165
181
169
178
176
185
170
193
192
170
168
180
183
184
195
197
179
177
169
165
179
190
169
178
179
188
195
178
171
178
183
167
168
192
169
167
192
177
171
166
178
167
177
168
167
191
175
166
184
185
170
184
179
179
181
179
191
170
194
170
165
181
183
193
179
176
176
172
170
166
181
193
188
172
165
187
166
170
165
168
170
167
177
167
180
188
186
166
177
175
170
167
183
188
194
168
182
191
168
177
169
167
178
170
171
166
185
182
178
192
164
171
166
192
194
171
180
179
195
190
184
169
187
183
195
189
189
184
178
171
180
176
172
164
194
179
192
177
177
170
169
168
192
170
168
179
178
170
183
194
191
170
180
182
178
169
165
176
176
167
173
170
182
194
196
178
173
182
183
195
192
169
168
197
191
175
168
168
212
190
179
181
179
168
166
181
164
189
167
178
167
168
166
182
179
189
183
168
193
170
167
183
167
176
173
182
175
171
170
168
167
191
197
189
167
182
178
176
183
183
181
176
170
164
192
187
194
188
165
177
171
166
180
190
167
197
168
179
184
180
180
176
181
177
170
175
188
164
179
179
190
167
180
197
190
167
183
192
170
170
183
180
181
191
170
179
170
180
190
169
181
191
166
181
180
183
176
177
168
182
190
169
185
167
175
169
185
169
168
168
178
178
176
165
194
186
166
168
180
171
164
182
172
185
179
190
168
184
178
178
177
179
224
171
164
191
186
168
179
172
170
181
193
177
188
168
168
178
189
168
179
168
177
172
188
170
170
168
187
168
177
167
192
169
194
169
203
176
177
172
168
195
176
166