D4 150
181
180
181
198
181
183
181
182
181
182
182
181
182
181
181
178
181
181
182
181
182
198
183
182
182
200
182
181
183
183
195
182
182
182
182
198
181
181
182
182
183
199
182
182
181
182
182
181
182
182
182
181
182
183
199
182
182
182
181
182
181
198
180
182
182
182
182
183
181
181
184
181
198
197
182
182
200
182
182
182
182
182
182
181
181
182
182
182
182
198
182
182
182
181
181
182
182
183
181
182
182
182
182
198
198
182
181
182
183
200
198
182
182
182
196
182
198
182
182
182
182
198
181
182
183
184
181
182
182
197
184
183
180
182
181
180
199
182
182
200
182
181
182
183
199
197
184
181
182
181
181
184
181
182
197
182
181
182
182
181
181
182
182
182
182
181
182
182
199
182
182
182
182
182
182
182
181
181
196
181
181
182
182
182
182
182
182
182
183
200
182
181
182
182
183
182
182
197
181
182
182
198
181
198
182
182
182
182
182
182
182
184
182
182
182
182
182
198
182
182
182
183
182
178
198
182
182
181
182
182
198
182
182
182
182
200
199
182
198
181
180
182
198
179
180
182
182
184
182
182
183
184
180
179
199
180
183
198
182
183
181
182
184
198
183
181
183
182
182
198
181
182
199
181
198
184
182
182
197
181
184
182
181
182
198
183
182
182
182
198
181
181
182
195
200
182
198
197
182
182
182
184
182
182
199
182
182
182
182
184
182
182
182
181
182
182
196
183
182
182
181
182
182
198
183
182
182
182
182
182
182
182
179
182
182
182
182
181
182
184
198
200
183
182
182
182
199
182
183
182
198
181
199
181
181
182
181
182
181
183
182
181
198
180
199
181
183
184
182
182
181
182
182
180
182
197
182
198
196
183
183
184
182
183
199
200
182
182
182
182
181
181
182
197
182
183
182
181
182
182
182
182
196
199
182
181
168
182
182
184
182
181
182
182
182
182
182
197
182
181
183
197
182
181
182
181
182
182
182
182
181
182
182
182
182
182
180
199
182
183
197
182
182
182
183
198
182
182
181
183
181
183
181
181
181
182
182
182
181
182
182
181
181
198
180
182
182
198
199
182
181
184
181
182
182
181
199
200
183
181
183
181
182
196
201
183
182
181
197
181
181
200
184
182
184
182
181
181
183
182
181
181
197
182
182
181
200
182
182
182
181
181
182
182
182
182
182
182
182
182
181
182
182
181
182
182
182
181
182
181
182
182
182
181
180
183
182
182
181
182
181
199
181
181
182
180
182
182
183
182
182
180
182
182
184
181
182
182
182
181
182
182
182
182
196
199
198
182
182
182
199
182
182
182
182
181
182
181
182
182
181
180
181
196
184
181
181
182
182
199
177
183
199
198
182
181
183
183
181
182