D3 1000
1029
1021
1015
1038
1015
1025
1021
1016
1030
1024
1019
1018
1021
1046
1023
1030
1013
1044
1023
1023
1021
1019
1036
1030
1029
1028
1028
1038
1014
1030
1027
1025
1036
1016
1030
1025
1037
1019
1033
1019
1028
1040
1017
1016
1013
1016
1044
1026
1021
1015
1028
1021
1017
1024
1036
1018
1022
1033
1016
1031
1043
1023
1023
1017
1028
1016
1023
1022
1017
1021
1031
1046
1026
1020
1029
1022
1034
1017
1017
1016
1022
1017
1016
1017
1017
1017
1030
1029
1026
1035
1029
1031
1030
1029
1025
1036
1016
1018
1018
1034
1028
1028
1023
1035
1032
1016
1028
1029
1040
1021
1026
1028
1020
1041
1026
1027
1021
1019
1016
1028
1030
1017
1042
1027
1029
1024
1019
1023
1018
1020
1017
1024
1032
1017
1036
1033
1030
1029
1024
1022
1018
1033
1021
1029
1017
1028
1033
1029
1016
1014
1027
1037
1018
1017
1046
1027
1043
1021
1017
1014
1029
1028
1031
1046
1030
1039
1021
1019
1016
1024
1015
1017
1029
1029
1014
1039
1020
1025
1018
1021
1032
1029
1026
1022
1035
1016
1026
1026
1026
1036
1018
1014
1014
1029
1039
1017
1029
1027
1028
1040
1022
1017
1016
1025
1015
1017
1018
1019
1035
1016
1026
1018
1021
1031
1022
1021
1017
1017
1034
1028
1014
1033
1027
1043
1030
1030
1023
1035
1017
1017
1029
1021
1036
1017
1029
1025
1021
1035
1029
1029
1027
1021
1048
1015
1026
1021
1030
1014
1016
1027
1024
1019
1018
1022
1018
1021
1033
1028
1014
1019
1030
1044
1044
1021
1019
1013
1026
1021
1017
1028
1043
1018
1041
1024
1020
1044
1030
1015
1032
1022
1035
1016
1024
1026
1036
1017
1026
1015
1028
1016
1014
1022
1037
1016
1016
1016
1017
1014
1028
1043
1028
1029
1024
1021
1024
1017
1029
1015
1015
1026
1027
1024
1026
1035
1017
1030
1027
1025
1037
1020
1030
1019
1014
1016
1030
1015
1019
1033
1023
1015
1028
1022
1034
1015
1025
1020
1019
1032
1013
1021
1027
1020
1014
1022
1016
1026
1035
1016
1027
1018
1021
1030
1018
1029
1027
1025
1045
1019
1030
1025
1026
1019
1028
1027
1028
1037
1017
1017
1018
1016
1043
1021
1021
1014
1028
1034
1030
1024
1018
1014
1043
1044
1023
1029
1041
1022
1017
1017
1023
1034
1016
1044
1026
1020
1031
1026
1022
1017
1030
1046
1024
1016
1029
1025
1020
1015
1016
1020
1030
1027
1026
1024
1020
1032
1030
1027
1022
1017
1032
1028
1023
1022
1018
1048
1025
1020
1029
1045
1026
1016
1014
1016
1028
1020
1015
1025
1050
1031
1030
1031
1027
1037
1030
1015
1024
1019
1017
1031
1031
1023
1020
1030
1025
1017
1017
1017
1029
1022
1028
1019
1016
1032
1023
1022
1016
1014
1027
1023
1018
1030
1039
1014
1025
1020
1031
1040
1018
1016
1029
1023
1033
1023
1015
1027
1017
1029
1028
1024
1014
1040
1024
1022
1020
1031
1044
1027
1020
1017
1015
1044
1036
1016
1014
1025
1034
1017
1015
1030
1045
1022
1018
1026
1020
1026
1023
1016
1027
1023
1030
1028
1027
1047
1027
1038
1017
1027
1023
1019
1032
1013
1025
1018
1032
1018
1015
1016
1027
1042
1019
1029
1025
1017
1030
1015
1028
1019
1031
1030
1020
1015
1029
1022
1016
1015
1043
1027
1038
1027
1021
1018
1030
1039
1017
1032
1027
1021
1034
1030
1022
1027
1039
1017
1016
1024
1021
1032
1027
1017
1024
1021
1019
1018
1016
1016
1022
1033
1023
1014
1025
1033
1023
1016
1018
1027
1041
1035
1016
1026
1021
1031