D3 400
418
390
395
398
393
393
411
397
390
398
388
397
391
409
386
391
399
407
392
387
392
390
387
412
393
396
392
416
391
403
394
393
400
416
399
392
398
401
415
395
399
391
399
415
393
394
387
398
395
400
398
393
390
390
394
394
414
406
396
402
396
395
400
401
398
387
407
401
388
412
391
412
397
416
392
386
414
393
416
398
402
395
389
401
409
400
409
387
407
404
404
404
409
394
417
396
394
412
392
412
388
389
419
406
404
392
412
387
402
417
407
400
420
414
389
399
405
416
409
396
399
401
387
410
391
390
390
402
418
405
408
394
393
405
390
387
409
392
400
391
403
390
408
416
397
409
398
397
393
397
414
399
412
420
415
391
415
418
417
412
400
399
395
400
401
394
401
388
404
398
395
405
401
394
410
393
416
393
392
389
414
393
394
388
398
411
395
399
416
410
389
405
389
399
399
393
413
407
398
414
395
395
412
391
412
416
390
395
410
390
403
386
403
396
411
387
405
390
413
393
398
400
417
418
400
399
396
399
397
400
396
400
404
411
395
386
408
406
407
387
388
404
397
397
417
390
402
388
402
401
412
418
410
406
387
416
417
415
389
407
399
397
402
394
402
401
392
398
392
392
386
390
400
399
385
401
388
402
406
410
402
398
391
403
408
394
399
393
391
417
391
389
405
400
388
399
399
388
394
404
393
396
389
398
400
386
400
402
387
403
389
411
389
418
391
387
410
410
411
398
402
402
407
392
401
403
402
395
393
387
413
392
393
409
410
400
398
396
390
407
392
389
409
406
397
392
401
412
402
418
392
417
399
390
396
393
387
405
390
418
411
387
396
389
418
387
406
396
392
398
396
400
420
399
413
391
404
403
388
403
392
393
407
405
388
393
406
388
399
392
388
401
398
388
391
391
412
419
389
399
400
414
392
411
387
403
392
410
402
395
387
387
398
418
390
397
401
406
407
392
399
391
386
416
390
408
394
400
413
391
411
417
410
401
393
411
399
412
418
409
402
401
415
394
419
406
394
413
394
398
412
412
400
406
391
396
399
391
397
418
407
417
404
412
388
394
393
394
419
408
404
389
394
418
419
385
407
417
406
419
390
403
416
398
397
399
407
413
387
407
390
401
412
399
419
408
398
391
405
397
392
397
397
390
392
393
403
401
417
418
397
416
395
395
386
388
396
393
398
404
416
393
389
406
418
411
417
399
401
400
388
398
390
389
400
394
410
390
392
393
403
391
400
404
396
399
386
413
393
418
408
411
405
405
406
389
394
395
394
390
415
405
394
399
393
405
404
389
418
390
409
401
397
393
416
399
389
409
388
418
390
390
410
401
419
402
389
390
390
410
391
388
405
407
417
398
409
405
405
390