D4 400
416
416
399
400
416
401
417
416
416
415
400
400
400
417
400
416
401
400
433
399
399
399
416
399
416
400
400
400
399
400
417
416
399
401
400
416
401
398
400
417
400
399
401
400
400
400
400
416
400
399
417
416
432
401
401
400
416
400
416
401
399
399
416
415
400
401
400
401
400
416
399
414
416
416
400
416
416
401
400
421
415
400
400
416
401
400
400
416
416
401
400
418
417
419
417
416
416
415
400
400
416
416
416
417
400
416
400
415
400
415
400
417
417
419
416
399
399
399
400
401
400
400
416
400
416
416
416
413
416
416
399
399
399
399
400
416
399
417
400
399
415
400
417
403
400
400
415
400
416
400
418
400
401
415
416
416
400
417
416
417
416
431
400
400
416
400
400
417
400
400
415
419
416
400
400
399
417
419
417
432
399
399
400
416
400
402
416
417
416
401
399
418
417
404
415
401
399
416
432
415
416
416
399
399
400
416
416
415
400
400
417
399
401
399
414
420
399
400
417
400
400
400
416
401
399
401
400
421
418
416
399
419
400
415
417
400
433
400
416
399
399
403
399
399
418
403
399
401
399
400
417
415
416
399
416
399
400
400
417
416
400
416
416
400
416
399
416
400
415
416
400
416
417
416
400
400
416
400
400
400
416
400
431
416
416
416
399
400
415
416
399
416
396
417
415
399
400
400
400
416
433
399
416
399
418
419
417
416
432
416
416
399
416
404
400
416
400
399
400
416
400
399
400
400
400
417
417
400
400
417
416
399
399
399
400
416
401
401
400
416
400
399
399
417
416
402
399
399
416
399
400
402
399
400
399
416
432
400
400
399
400
416
415
400
400
416
400
417
401
435
399
399
433
399
401
417
399
421
416
400
400
415
400
401
415
417
416
416
418
416
417
416
401
432
400
399
399
415
399
413
416
417
400
399
400
416
416
403
416
402
399
414
400
419
402
400
399
417
399
416
415
400
433
400
400
416
399
433
416
416
401
416
400
399
400
400
400
416
415
400
399
399
399
400
400
416
415
400
416
400
399
399
416
400
416
400
417
416
432
399
400
419
399
401
433
400
400
418
399
418
400
417
416
399
417
416
399
416
401
400
415
400
399
415
415
400
416
416
416
416
400
415
416
400
399
399
433
401
400
400
417
417
400
400
400
416
417
432
399
414
414
400
399
400
400
400
415
415
432
416
416
399
401
417
416
399
416
415
399
416
416
416
401
417
400
399
400
399
400
400
416
399
400
399
415
398
400
435
417
415
416
414
416
400
401
417
400
402
399
399
400
414
399
400
417
402
417
416
399
431
400
400
400
399
400
400
400
416
401
400
416
400
400
417
399
418
415
414
432
416
414
400
400
400
400
433
418
401
401
400