D3 150
155
169
162
191
193
194
169
186
187
194
160
200
208
159
174
161
187
184
219
154
177
189
166
158
172
168
164
167
158
161
163
194
179
166
182
165
184
259
176
173
167
166
199
255
195
155
181
163
167
166
155
155
190
174
191
166
190
161
187
197
187
169
171
194
212
163
162
174
223
201
185
185
202
198
194
177
191
187
174
178
170
163
169
182
178
193
174
222
191
204
185
174
205
176
170
193
175
164
156
214
211
211
208
203
226
173
166
229
178
212
160
194
160
174
157
180
166
179
193
169
227
171
176
163
191
208
198
218
159
172
217
222
167
221
203
220
160
220
168
419
181
185
186
192
216
161
162
219
165
213
192
181
212
165
193
217
162
188
161
190
194
183
172
177
153
189
212
194
153
224
211
336
200
171
168
176
164
188
174
174
202
206
169
223
160
196
170
187
206
200
217
200
218
173
167
209
162
186
160
251
214
243
159
161
192
203
189
160
164
169
237
175
216
206
218
186
185
250
172
163
168
175
166
163
221
163
178
198
224
202
196
208
166
217
225
159
209
170
200
159
227
228
203
230
164
225
233
553
163
244
222
227
169
165
212
182
225
229
210
166
203
157
180
183
167
161
221
221
161
222
158
211
235
229
199
227
218
156
204
180
220
169
158
160
206
154
196
163
166
164
166
206
193
206
217
207
191
205
228
158
216
229
171
235
229
236
200
169
219
224
224
214
174
156
208
208
161
200
235
249
235
210
156
170
226
178
175
180
230
200
197
153
238
182
168
228
167
175
176
205
166
214
218
252
166
155
235
225
225
163
178
228
242
180
212
177
162
164
169
188
236
193
200
166
169
235
159
222
257
162
164
222
223
184
249
240
212
240
264
171
178
249
180
160
247
224
241
174
214
228
171
171
155
154
204
167
167
165
156
237
244
206
214
195
195
209
160
208
198
198
174
202
205
175
241
175
233
184
232
234
169
171
232
209
203
159
204
178
227
162
161
231
173
228
241
248
176
251
228
170
235
199
225
182
161
176
399
212
198
228
162
167
214
220
189
224
188
196
187
225
228
232
173
170
161
240
231
175
237
161
240
170
196
213
189
184
169
158
233
155
181
165
168
161
180
166
206
223
239
209
193
206
162
179
260
224
227
162
177
160
269
240
236
202
231
248
219
224
247
163
182
156
231
245
193
159
193
208
239
168
217
242
219
225
193
242
244
207
190
159
160
181
243
209
165
161
163
209
206
253
168
236
228
168
210
235
264
168
181
153
243
181
173
502
211
224
249
257
160
265
246
222
227
225
168
243
224
203
178
240
170
171
178
162
224
164
178
274
232
156
217
230
201
156
247
185
207
179
271
163
255
222
643
220
176
200
230
235
181
176