D4 150
154
160
159
145
159
160
144
162
147
161
160
146
155
187
159
169
145
155
156
145
156
145
174
178
160
152
161
159
163
146
144
162
156
160
159
158
157
176
147
148
145
148
145
148
150
155
157
160
146
156
164
178
160
171
163
164
155
157
161
156
157
145
162
146
155
169
156
157
157
146
145
162
162
162
162
150
153
146
144
160
163
152
158
145
158
161
163
147
155
147
158
169
158
158
161
156
161
159
154
158
158
155
160
162
158
159
149
156
147
160
145
162
173
144
153
175
162
146
160
156
155
150
161
158
165
158
162
155
154
160
146
161
166
161
145
159
158
156
146
154
157
148
159
158
159
146
154
162
150
157
157
162
158
171
194
159
157
163
150
146
146
160
154
154
158
152
154
155
159
157
145
162
158
160
147
162
151
156
150
165
147
158
147
157
159
155
153
147
160
150
160
145
157
153
146
146
157
161
175
161
146
161
154
145
161
145
145
155
168
147
157
151
143
161
162
161
144
145
155
156
155
159
166
159
158
159
161
151
158
152
159
159
172
158
157
154
154
156
154
159
145
157
161
156
162
161
162
163
159
158
159
164
155
148
157
163
158
153
155
161
162
188
149
147
162
169
164
161
158
161
159
159
159
156
160
146
157
147
160
146
161
163
154
172
161
143
152
146
151
161
150
158
146
145
160
151
159
158
156
174
160
150
156
158
145
161
160
173
146
151
160
159
173
153
161
161
176
155
152
155
146
158
160
162
145
158
159
149
156
151
145
152
160
151
152
160
162
162
155
165
161
155
158
145
159
145
160
161
157
154
158
158
156
153
159
155
159
158
154
153
145
158
156
154
167
160
160
160
165
159
167
146
162
170
146
159
160
157
160
161
159
157
157
147
151
157
161
162
152
156
166
148
143
145
160
161
178
164
155
155
155
146
163
160
162
152
147
180
145
162
156
157
152
156
158
148
159
156
158
159
148
146
161
158
146
161
158
158
157
152
160
157
145
158
156
161
163
156
146
157
156
147
148
146
155
174
151
156
160
158
163
155
156
161
160
160
157
157
144
159
158
159
160
169
157
145
160
160
156
155
146
174
161
160
155
199
157
160
156
161
155
151
159
157
153
206
161
161
146
160
159
160
172
153
155
153
158
158
170
174
156
159
151
154
151
158
158
159
150
175
176
162
158
147
196
163
165
161
157
144
163
159
162
159
166
160
151
145
158
159
156
153
159
147
157
158
161
163
149
159
146
158
161
184
160
145
159
158
147
151
150
144
157
147
158
156
150
155
155
154
158
157
157
160
160
158
160
145
155
156
166
160
161
157
156
160
152
147
161
152
161
145
235
162
158
171
158
157
157
154
160
150
144
159
156
146
148
155
151
159