D1 150
7
18
21
12
15
23
18
19
17
13
18
19
26
15
16
16
15
16
15
13
25
10
18
22
15
16
22
14
13
11
12
20
16
17
11
18
21
16
9
17
16
19
14
19
15
10
14
11
15
7
12
22
24
14
27
15
18
20
15
17
11
16
19
12
20
21
16
14
13
20
19
15
21
22
9
5
11
17
18
17
15
15
11
7
15
16
19
7
6
17
15
17
19
16
6
15
25
20
16
14
18
18
19
16
18
15
15
20
20
14
14
21
15
5
11
29
9
17
14
9
19
15
18
16
8
15
22
14
16
15
17
15
7
20
14
21
17
9
18
16
20
12
13
16
13
11
19
20
13
17
17
13
10
14
24
11
18
17
10
14
11
8
7
8
6
11
18
22
10
17
12
16
17
17
17
16
16
10
20
19
17
29
18
16
19
18
15
17
12
16
20
16
15
12
17
12
23
16
22
12
10
16
8
16
17
20
17
16
16
15
15
15
17
17
7
15
17
14
10
17
11
15
15
17
12
18
19
13
15
12
14
15
17
9
13
17
14
9
10
18
10
15
18
16
13
12
15
17
11
20
12
15
20
16
15
14
14
15
13
21
17
14
18
19
11
18
15
13
14
15
14
9
10
15
8
16
9
15
21
12
18
13
6
22
19
16
18
15
20
21
10
18
15
13
16
18
11
15
18
14
27
6
19
11
9
18
10
24
16
13
15
15
16
10
17
14
18
20
17
19
19
18
17
12
8
15
26
23
15
14
16
18
13
16
17
6
16
14
19
25
16
12
10
16
10
15
16
14
5
18
16
16
19
17
17
13
15
18
19
20
6
18
15
18
9
20
18
15
10
15
15
9
14
17
15
19
13
14
18
22
18
17
18
12
17
19
13
17
16
16
16
23
9
12
16
16
11
18
18
9
22
15
9
15
18
12
16
16
8
13
7
15
17
20
18
13
12
24
16
15
18
18
15
19
15
15
8
17
16
10
12
13
19
7
15
14
10
20
11
16
17
14
19
21
13
25
19
14
10
16
15
20
7
17
8
20
22
8
18
14
18
19
17
18
19
15
8
16
11
19
15
12
19
9
9
12
17
19
18
19
18
19
12
16
20
17
18
18
7
19
17
20
15
22
18
13
19
17
19
15
13
16
17
8
18
12
12
16
16
15
12
16
12
12
22
10
11
16
9
14
15
18
17
20
30
12
14
10
6
19
15
17
17
15
10
20
16
16
13
14
21
17
13
19
12
19
9
14
14
15
16
16
15
21
15
14
13
11
16
10
18
25
18
18
24
18
13
20
6
21
9
19
11
17
17
20
12
10
9
12
15
10
14
13
14
16
17
18
17
13
14
8
21
18
14
18
14
16
13
19