D3 400
391
419
418
407
404
414
403
431
415
409
418
401
433
419
408
388
401
405
403
402
415
389
415
418
400
434
428
418
434
407
409
404
402
401
408
418
406
401
403
418
435
414
387
394
401
389
416
395
407
418
413
398
408
397
397
411
401
401
417
403
436
420
410
416
410
420
416
431
391
435
415
400
408
418
412
418
419
401
417
419
390
402
419
418
401
412
406
419
401
400
406
399
393
418
410
418
406
400
418
390
435
422
418
391
405
388
390
419
417
416
404
401
418
418
432
407
405
420
416
418
398
403
418
391
401
400
420
401
413
421
401
404
419
397
418
405
402
418
403
401
401
401
391
412
403
396
411
396
404
394
418
412
412
393
435
418
417
401
389
401
420
403
414
402
407
402
393
418
414
417
407
415
393
433
435
401
390
402
400
398
418
417
400
392
418
419
416
418
402
415
416
418
412
401
406
401
401
401
420
413
418
408
403
407
400
400
419
410
417
402
402
404
407
418
402
417
394
417
418
419
433
396
419
399
416
403
418
401
416
401
413
419
388
390
402
433
402
411
402
405
418
394
419
402
422
416
402
416
401
415
408
403
407
406
401
402
402
433
410
392
410
405
417
417
401
395
418
400
419
405
411
419
417
402
417
435
408
416
416
415
406
409
400
416
401
395
402
417
434
410
414
418
418
391
418
411
401
409
398
409
416
418
397
405
416
398
402
401
412
435
417
414
390
408
414
418
403
404
418
392
433
417
419
401
412
392
411
417
401
394
416
417
410
414
392
419
402
417
411
417
401
418
422
417
404
417
402
405
401
418
415
408
402
419
393
421
411
401
409
417
398
390
410
416
418
400
410
419
396
419
415
391
389
407
419
389
418
409
402
420
393
417
417
391
416
415
402
412
399
417
400
409
433
389
389
391
397
427
416
405
434
418
393
402
402
418
419
404
418
420
410
433
417
400
417
415
392
418
401
400
405
418
423
399
398
409
417
417
402
418
392
418
395
401
417
402
418
402
426
392
398
404
417
412
391
398
390
399
389
402
391
410
405
387
401
391
391
399
415
389
402
434
401
397
409
401
393
397
424
390
420
413
394
411
417
418
402
411
408
402
420
391
402
402
418
418
417
392
413
419
419
400
394
415
402
396
403
409
417
418
436
413
421
407
389
418
412
390
392
434
415
410
393
416
426
396
401
418
400
395
402
415
396
416
417
391
397
418
419
402
418
417
398
401
401
388
417
400
392
415
393
416
402
420
418
404
407
411
403
412
437
397
392
416
411
399
427
408
396
416
414
433
421
402
397
402
407
435
407
420
417
418
418
419
388
418
418
412
419
409
418
416
401
418
417
387
401
416
418
406
418
408
417
418
417
399
401
396
418
414