D4 400
401
414
399
428
415
396
401
398
398
415
401
397
399
417
417
397
415
399
396
415
400
400
397
416
416
400
418
432
400
396
398
417
397
414
416
416
399
400
414
415
414
396
397
400
416
399
402
400
415
453
413
397
395
398
430
400
399
415
416
398
416
393
400
416
401
395
416
402
400
416
418
415
397
402
413
428
397
399
399
397
414
397
410
413
397
397
416
416
414
413
416
399
428
399
398
400
397
396
399
396
416
400
403
397
400
411
399
397
400
400
415
415
413
397
400
400
401
416
397
400
433
399
413
410
417
417
410
414
402
413
398
412
415
414
396
400
399
415
400
396
430
399
398
417
400
399
413
414
414
400
402
399
415
416
399
399
399
399
417
416
429
401
400
398
400
397
398
416
417
397
416
400
416
416
416
414
414
429
398
401
413
417
415
401
417
411
401
400
413
400
415
401
417
413
415
397
416
399
410
414
414
418
394
400
417
418
411
414
398
416
399
431
399
397
414
430
397
399
413
431
399
414
400
399
400
414
398
395
401
399
401
414
414
397
396
401
412
399
397
401
415
398
397
398
397
400
416
416
413
418
416
414
416
410
417
398
397
402
412
400
401
400
415
400
399
397
396
400
399
400
398
414
399
413
409
399
417
401
399
418
417
396
414
413
414
401
397
399
416
416
413
412
401
396
417
415
400
400
413
400
398
401
397
400
415
417
414
414
412
399
402
417
416
416
397
400
415
411
417
400
401
396
411
399
398
429
416
402
413
400
416
400
397
416
411
413
413
416
400
399
399
396
402
397
416
418
400
400
399
398
413
399
397
412
417
398
397
397
412
396
399
397
398
399
400
400
416
396
413
399
401
414
398
402
399
397
398
417
417
412
414
417
400
414
416
400
396
400
413
402
416
400
412
413
415
398
396
399
414
416
402
412
412
396
395
416
396
399
396
414
396
399
396
395
396
399
400
416
397
396
397
417
402
396
399
400
411
417
413
394
415
416
431
400
401
397
396
396
415
401
412
412
400
413
416
399
417
427
416
397
397
412
418
400
413
412
400
400
400
399
401
416
414
414
401
397
401
398
415
400
398
414
448
416
402
413
415
400
417
416
414
396
413
413
416
401
400
414
434
395
398
414
414
417
398
413
417
410
400
416
417
419
397
415
413
415
430
414
411
417
400
418
398
417
417
398
415
400
431
400
417
399
412
412
399
417
416
397
411
414
401
396
396
401
396
413
416
416
396
400
399
413
414
412
416
412
419
431
413
400
414
399
399
402
417
412
417
415
397
401
412
418
399
397
415
396
399
399
416
399
398
399
414
411
399
399
416
418
396
415
400
395
399
413
417
412
399
400
399
415
400
415
400
416
398
414
418
398
401
416