D3 400
414
420
415
420
414
426
420
415
429
424
434
433
419
412
423
427
428
427
423
423
418
417
417
414
429
425
425
423
415
428
426
423
420
415
427
424
420
419
416
413
427
423
434
415
429
415
427
426
422
415
427
423
417
438
436
434
422
417
415
429
429
424
422
417
429
416
423
424
417
419
431
414
444
420
427
424
420
431
416
414
424
417
415
416
433
417
415
428
426
420
430
416
429
427
424
420
432
415
416
417
429
427
423
435
433
418
428
430
426
421
428
426
420
426
441
441
420
418
416
429
444
416
427
428
430
440
419
426
417
420
417
423
420
419
435
416
430
429
441
437
416
417
422
414
415
428
417
430
431
414
426
422
417
431
429
429
427
423
433
429
428
429
430
428
429
424
420
420
416
424
416
417
429
429
430
423
419
440
419
419
416
414
427
422
420
415
425
441
425
421
419
414
429
426
423
418
444
426
427
425
422
434
416
440
419
418
417
418
419
416
428
418
418
416
423
435
415
416
418
430
432
415
427
442
416
427
423
419
417
417
429
419
420
416
414
440
421
418
414
429
426
419
416
414
426
420
413
415
417
426
439
419
419
423
418
419
417
430
428
418
428
428
444
419
434
414
428
423
415
428
427
420
426
423
421
429
415
429
414
422
421
416
438
425
420
417
428
414
425
417
415
424
419
415
416
416
432
432
427
428
430
443
423
420
425
417
429
429
430
428
427
423
421
418
418
429
428
425
421
419
429
417
414
417
415
416
418
416
425
415
426
421
416
415
426
420
419
417
416
435
427
419
446
423
416
425
418
416
428
419
419
414
418
414
424
421
429
418
430
425
425
420
429
425
427
422
416
417
417
415
428
422
422
414
425
420
430
439
419
414
429
446
437
427
424
421
418
414
424
420
415
429
441
420
415
428
423
417
429
414
426
434
429
425
420
416
415
418
429
428
428
424
418
415
414
428
422
415
417
429
439
420
417
416
427
436
427
429
426
416
413
445
428
422
416
425
415
416
415
429
425
422
415
416
425
420
415
432
416
424
418
430
424
420
417
416
415
422
443
419
416
431
425
435
416
431
430
425
419
430
424
431
426
419
414
426
421
416
429
422
416
424
432
426
417
430
430
422
413
426
419
423
418
414
429
427
421
413
446
428
423
431
429
425
420
417
430
445
445
423
417
425
419
429
423
418
427
422
414
429
443
430
425
422
418
425
422
418
416
415
423
418
416
417
417
415
427
426
421
414
425
416
430
416
444
417
430
415
422
415
426
423
419
416
427
426
420
428
422
418
444
423
416
431
426
421
418
428
438
425
423
417
416
425
419
416
426
418
423
421
422
417
414
414
423
416
425
430
424
419
422
418
417
425
425
419
417
427
420
415