D4 400
448
433
432
434
432
447
432
432
432
433
433
433
432
449
433
433
433
433
433
447
433
433
433
433
448
433
434
432
433
433
432
433
433
432
433
433
433
432
433
433
433
433
433
448
433
433
433
433
447
432
433
432
433
433
433
450
433
433
433
433
433
433
448
432
432
433
433
447
433
433
433
433
432
432
432
433
433
433
433
432
432
432
433
433
448
433
431
432
433
433
433
430
432
432
433
433
433
433
433
433
433
432
433
433
449
447
433
433
432
432
431
433
433
433
434
433
432
433
432
433
433
433
449
432
448
433
433
433
450
447
432
433
432
432
433
433
432
432
450
433
433
432
433
449
433
433
433
432
448
433
432
433
433
433
432
432
433
432
433
433
432
432
433
432
433
433
433
448
433
433
433
433
448
432
432
433
433
432
449
433
433
433
433
432
432
433
448
432
433
432
433
448
432
432
433
433
432
433
432
433
433
433
432
434
449
432
432
433
433
432
448
433
432
430
432
433
433
433
432
433
432
433
433
434
433
432
432
432
433
448
433
432
432
435
447
434
432
432
432
432
433
433
433
435
432
433
433
432
447
433
432
433
433
447
433
432
433
433
434
432
432
433
433
433
433
433
433
447
432
433
433
432
448
433
433
433
433
434
433
433
432
433
433
433
433
433
432
434
433
432
433
447
432
433
433
432
432
433
433
433
432
433
432
433
433
432
433
433
432
432
450
432
434
432
433
433
433
433
432
450
433
433
433
433
433
432
433
433
432
448
432
433
449
433
447
432
432
433
432
433
433
433
436
432
432
433
433
433
448
432
432
432
433
448
433
432
432
433
432
432
433
433
433
432
432
433
433
448
449
433
433
449
447
449
433
449
433
433
433
433
432
433
435
433
449
433
433
432
433
433
432
431
433
432
432
432
448
450
433
432
432
432
433
433
433
432
433
433
449
432
447
433
433
432
433
448
432
433
433
433
433
448
433
432
433
433
433
432
433
448
433
450
434
432
448
432
433
432
432
449
433
430
433
449
432
433
448
433
432
433
433
433
433
447
433
433
433
432
433
433
433
434
432
433
432
432
433
433
432
432
433
432
448
433
448
432
433
447
432
433
432
432
432
432
433
432
433
433
433
433
449
447
433
448
432
449
447
433
433
433
433
433
447
432
432
433
433
433
433
432
432
433
433
432
433
448
433
432
433
432
432
432
432
432
433
432
433
433
433
433
432
433
433
433
447
432
432
432
433
447
428
433
433
432
433
432
432
449
433
433
435
432
433
448
432
433
433
433
447
433
433
433
433
433
433
432
433
433
433
432
433
433
432
432
433
433
433
448
433
433
432
432
432
433
432
433
431
440
433
432
433
448
432
433
432
432
448
433
433
432