D3 1000
991
1012
997
1002
997
1003
1009
1001
988
1001
996
1019
1000
1001
994
999
1001
998
1004
1001
991
1016
992
998
992
1000
1011
1005
1000
990
1000
1010
990
998
1002
991
1015
993
996
994
991
1004
989
991
1000
992
1004
1000
992
1002
1001
1009
991
989
995
1002
1007
990
994
1006
1000
1006
999
995
987
990
1008
1001
994
1002
997
1004
991
995
993
996
1008
995
1001
1003
1003
1006
994
990
996
992
1016
997
993
992
999
1013
1004
1003
998
999
1005
992
995
1001
988
1009
1003
995
998
1005
1007
998
998
991
999
1015
991
987
991
992
1011
991
991
1005
989
1010
993
994
1000
999
1001
993
1002
1001
992
1008
993
996
997
989
1008
992
995
996
995
1013
990
997
998
991
1015
1000
995
991
994
1010
989
1002
994
989
1013
990
989
998
994
1013
993
1005
995
994
1010
987
990
989
1005
1006
995
1000
989
999
1007
991
991
1000
994
1005
988
1004
1004
990
1010
1002
1002
989
994
1000
1003
1006
993
1004
1006
997
990
989
1000
1004
997
992
994
996
1003
994
999
994
1002
1012
988
992
992
996
1015
994
1000
999
994
1015
996
1001
994
1003
1004
994
992
995
992
1002
992
1003
995
990
1014
1003
997
997
1000
1010
993
990
999
993
999
1002
989
997
998
1018
994
991
995
998
1004
999
992
1001
998
1003
989
989
997
997
998
995
1001
997
1000
1011
1004
1004
996
1001
1015
993
995
995
1004
1010
989
991
996
996
1015
1005
996
995
1001
1006
1001
991
997
1004
1007
991
998
992
994
1017
994
998
1002
1001
1008
995
989
991
998
1014
1003
1001
995
992
1005
999
1004
987
988
1015
991
998
997
992
1004
994
996
995
999
1011
996
995
1002
994
1016
999
994
991
1002
1003
993
988
992
991
1006
993
1004
996
1004
1011
1000
997
1003
994
1014
993
991
997
999
1002
994
994
990
995
1014
997
999
996
994
1013
1003
1004
990
995
1008
995
989
995
993
1010
1000
1003
989
1002
1010
996
1000
995
987
1006
1003
989
997
1002
1012
1001
989
1004
988
1003
993
992
1004
987
1005
998
990
993
998
1001
995
993
996
995
1012
995
998
997
1004
1014
1001
992
1004
992
1011
989
991
1002
990
1010
997
994
996
996
1012
1000
989
998
998
1008
998
993
991
993
1013
997
998
993
995
1015
997
990
1000
991
1003
995
996
995
997
1013
995
1001
999
990
1006
989
998
1005
1000
1006
996
988
989
1002
1005
986
988
990
989
1001
988
993
989
1003
1009
997
996
999
996
1008
993
1001
991
996
1005
991
994
1005
991
1006
993
998
1001
994
1014
991
987
1002
1000
1014
995
989
994
997
1013
1005
993
1004
993
1016
1002
1003
1003
996
1002
1004
994
1003
1002
1006
999
994
993
993
1011
991
992
998
998
1006
997
998
997
998
1013
1000
994
997
995
1001
1001
1001
990
998
1006
998
988
1006
992
1014
993
991
1004
988
1006
996
1000
992
994
1014
1000
994
998
992
1014
1000
994
990
987
1010
990
993
1001
998
1012
990
990
993
991
1009
1001
1005
989
990
1011
996
989
994