D4 1000
1033
1034
1034
1032
1048
1034
1033
1034
1031
1046
1034
1033
1035
1033
1046
1034
1036
1034
1033
1047
1034
1035
1033
1034
1046
1034
1032
1034
1034
1047
1034
1033
1034
1033
1046
1035
1034
1034
1035
1047
1033
1034
1033
1034
1045
1034
1034
1034
1034
1046
1035
1032
1034
1034
1044
1033
1033
1034
1034
1046
1034
1036
1034
1034
1048
1034
1035
1036
1035
1046
1032
1034
1035
1034
1045
1032
1031
1033
1036
1044
1036
1033
1034
1035
1045
1034
1032
1033
1032
1045
1036
1031
1034
1034
1045
1033
1033
1034
1033
1043
1034
1033
1034
1034
1045
1035
1036
1033
1035
1045
1036
1032
1035
1032
1045
1034
1035
1033
1037
1043
1034
1030
1036
1035
1046
1037
1033
1035
1034
1043
1033
1033
1035
1035
1045
1035
1034
1034
1034
1044
1034
1033
1035
1034
1044
1033
1036
1032
1033
1045
1035
1034
1035
1034
1045
1035
1035
1033
1034
1044
1032
1036
1032
1034
1045
1036
1034
1036
1034
1045
1032
1031
1034
1034
1045
1032
1034
1033
1035
1044
1032
1036
1034
1034
1047
1036
1036
1033
1033
1043
1034
1034
1033
1033
1047
1034
1034
1033
1035
1046
1034
1036
1034
1034
1045
1035
1034
1035
1034
1044
1034
1035
1033
1033
1048
1036
1033
1036
1031
1047
1036
1033
1037
1033
1047
1032
1033
1034
1034
1044
1034
1033
1035
1033
1044
1033
1032
1031
1033
1047
1033
1033
1034
1034
1046
1034
1034
1031
1033
1045
1034
1032
1033
1033
1046
1034
1036
1034
1033
1045
1034
1035
1034
1035
1045
1034
1035
1036
1033
1047
1035
1033
1033
1032
1046
1036
1036
1034
1035
1045
1033
1034
1034
1036
1047
1034
1032
1033
1035
1043
1034
1033
1034
1032
1047
1034
1033
1033
1034
1046
1034
1031
1033
1034
1046
1033
1036
1034
1036
1046
1034
1033
1032
1034
1044
1033
1034
1034
1033
1048
1036
1032
1036
1033
1047
1034
1034
1034
1034
1045
1037
1033
1036
1033
1046
1035
1034
1035
1035
1045
1036
1035
1033
1036
1044
1036
1033
1033
1034
1044
1034
1034
1034
1033
1045
1035
1034
1034
1033
1045
1035
1033
1033
1034
1046
1033
1034
1033
1034
1049
1033
1034
1034
1035
1046
1035
1034
1035
1032
1045
1032
1034
1035
1034
1045
1037
1034
1033
1034
1046
1035
1033
1033
1034
1043
1031
1033
1035
1032
1046
1034
1033
1032
1032
1046
1035
1035
1034
1033
1046
1035
1036
1033
1035
1043
1034
1035
1033
1034
1047
1034
1032
1035
1033
1047
1032
1031
1035
1034
1045
1034
1031
1034
1033
1048
1033
1034
1034
1034
1045
1036
1032
1034
1037
1043
1036
1034
1034
1034
1046
1035
1033
1033
1033
1044
1036
1032
1034
1032
1044
1034
1036
1035
1034
1046
1036
1034
1032
1033
1046
1034
1032
1034
1034
1047
1034
1037
1037
1034
1048
1035
1033
1034
1033
1045
1034
1032
1036
1033
1047
1035
1033
1034
1033
1045
1034
1036
1036
1035
1046
1036
1032
1033
1033
1046
1033
1034
1034
1033
1046
1035
1036
1033
1036
1045
1034
1036
1035
1034
1043
1036
1033
1035
1034
1047
1035
1036
1035
1035
1047
1034
1034
1034
1033
1046
1033
1031
1035
1036
1046
1036
1033
1035
1036
1046
1036
1032
1033
1035
1045
1037
1032
1033
1034
1045
1035
1035
1034
1034
1045
1035
1036
1035
1034
1044
1035
1035
1034
1035
1044
1034
1035
1035
1035
1045
1034
1032
1033
1033
1044
1035
1035
1034
1032
1047
1034
1032
1034
1033
1046
1034
1032
1034
1033
1044
1033
1034
1033
1035
1045