D3 150
193
190
169
184
183
191
168
171
184
171
169
178
178
165
179
167
169
196
179
182
191
195
189
193
167
189
175
196
179
183
178
179
163
173
170
175
185
175
174
176
169
188
168
188
171
192
167
166
177
179
191
192
169
176
193
193
176
183
171
175
168
168
169
169
178
169
164
169
170
177
172
179
190
180
192
167
168
195
179
173
165
165
177
178
170
166
177
171
166
170
164
175
170
193
169
191
180
180
190
181
191
168
179
169
167
175
169
169
180
167
167
170
181
177
178
195
168
184
184
176
167
176
179
178
169
190
189
178
172
175
174
181
178
182
176
177
189
189
168
167
178
168
170
189
166
169
192
168
190
167
179
164
177
179
191
179
186
170
170
176
178
197
179
182
176
180
190
180
179
194
168
189
166
169
176
190
170
189
171
171
166
170
169
177
170
189
192
181
178
182
193
182
193
178
189
190
174
189
168
173
166
170
185
175
168
176
171
189
169
188
168
168
179
182
181
171
165
170
166
176
174
179
165
172
168
176
189
171
180
164
193
180
191
182
188
178
174
193
169
166
180
169
183
171
182
195
172
181
180
164
172
181
179
169
180
186
170
172
164
183
183
167
183
187
176
189
168
171
180
169
191
178
172
179
173
192
180
170
169
178
187
180
177
168
170
171
179
170
168
171
165
168
176
194
191
175
175
187
180
176
178
168
182
168
252
182
165
168
181
167
183
174
195
175
167
180
189
193
176
181
191
166
180
165
181
183
175
192
186
175
171
169
164
188
193
178
178
184
181
169
183
169
197
181
180
174
167
170
195
187
167
184
168
190
188
191
175
179
175
179
179
166
191
181
165
168
192
168
178
167
177
180
172
169
178
180
181
163
169
172
168
166
184
186
192
174
172
187
167
171
167
168
168
171
179
198
170
169
184
168
182
168
171
192
170
188
184
171
184
186
164
182
192
177
170
190
169
176
177
198
168
167
178
180
167
167
177
181
193
169
194
179
188
191
171
172
169
183
192
193
189
179
192
183
193
180
188
181
192
179
178
167
179
185
191
178
188
179
178
179
190
180
178
184
183
174
180
192
184
172
195
167
179
176
193
182
191
182
179
179
178
166
185
170
164
167
165
168
195
179
191
177
172
190
165
169
169
169
176
183
182
181
179
181
189
181
189
194
171
168
180
183
181
167
177
179
169
190
168
169
167
218
192
178
171
169
178
181
174
176
188
191
170
168
178
185
196
165
176
191
174
178
218
172
163
164
176
194
170
176
176
167
200
164
188
185
179
196
177
194
188
192
186
191
171
189
170
166
191
179
176
177
182
181
165
167
183
167
181
198
168
170
194
180
170
179
179
183
169
178
175
193
182
168
166
166
193
182
183
166