D4 150
198
200
180
182
182
183
182
180
181
182
182
182
181
181
182
182
182
182
181
182
182
182
182
183
182
183
182
198
182
182
182
197
182
181
182
181
182
179
181
182
182
182
181
182
182
182
182
184
181
182
194
182
182
182
182
182
182
182
200
182
182
181
181
182
182
181
182
181
181
197
198
181
181
183
181
182
181
198
182
181
180
180
181
181
180
199
182
182
198
196
182
200
185
182
199
199
199
181
181
182
198
182
182
180
196
182
182
181
182
182
182
183
184
182
182
182
199
182
181
182
182
181
182
200
200
182
195
182
199
181
181
182
181
199
181
182
183
182
182
182
182
181
182
181
182
182
180
181
182
182
182
184
181
182
182
182
184
182
181
183
183
182
182
182
196
182
182
201
181
181
180
182
184
182
182
182
181
182
198
182
182
181
181
197
181
182
197
183
182
183
181
180
198
181
182
183
198
200
182
180
182
198
183
180
199
198
199
182
182
199
183
182
183
182
182
182
182
181
183
182
181
182
185
182
181
199
182
181
182
182
181
182
182
182
183
182
199
182
180
182
180
182
183
182
181
196
198
182
182
201
198
182
184
182
181
182
182
182
182
182
182
181
182
182
182
182
182
181
183
182
182
182
199
182
199
182
198
180
179
181
183
184
199
182
181
182
182
182
182
182
182
182
181
181
181
181
181
183
182
183
181
182
182
181
182
183
182
181
183
183
183
199
181
183
181
199
182
180
182
182
184
183
199
199
197
183
183
182
184
183
194
182
182
182
197
182
199
182
181
183
182
183
182
182
201
183
182
181
181
183
182
181
182
181
182
181
199
182
181
182
182
182
182
181
200
182
182
182
182
182
182
182
182
182
181
182
182
200
199
182
182
183
182
181
182
181
182
198
181
182
182
182
182
182
181
198
182
184
182
180
182
182
180
182
179
184
198
182
182
182
182
182
182
182
183
184
181
182
181
181
181
182
181
199
181
198
182
182
182
181
182
181
200
181
183
183
198
181
182
181
182
181
181
183
197
199
182
183
182
182
183
182
182
197
184
182
182
182
182
182
182
182
182
185
182
182
182
182
182
182
182
182
182
181
182
182
181
197
182
181
182
183
182
182
182
184
182
182
182
182
182
182
182
181
182
182
183
181
182
199
182
182
182
182
181
182
182
182
198
182
182
181
182
182
182
181
182
199
182
182
180
182
184
182
180
181
181
182
184
182
182
182
182
183
181
198
182
200
199
183
181
182
202
180
182
199
182
182
198
182
183
181
197
196
198
182
181
181
199
200
182
183
184
182
196
182
182
199
184
182
182
181
197
182
182
182
182
184
182
182
182
182
182
182
201
182
182
182
182
182
182
183
181
182
181
182
182
182
181
182