D3 1000
1011
1017
1002
1013
1002
990
1001
1008
996
1010
993
1006
1001
1007
1018
1032
1011
997
991
1021
1001
1001
1008
1006
1012
994
992
988
998
1010
994
1017
1000
999
999
1002
1027
998
993
1006
1017
989
1014
988
1016
997
1008
1018
1032
998
998
1016
1027
990
996
993
1001
990
993
990
1002
1007
1018
991
1003
1002
1002
997
1001
996
996
1002
1013
1016
1019
1002
1005
1012
1001
1018
1015
1016
1002
1002
1018
1035
994
1002
992
1033
991
1000
1001
989
1002
1006
988
1024
996
989
1001
998
994
1035
1018
995
1001
1001
1007
1018
1018
1019
1018
1014
988
1018
1018
1015
1033
1002
1015
1014
1004
1001
993
993
996
995
1011
1002
988
1015
1006
1005
1005
1002
1004
999
999
1011
992
1002
991
1001
1019
1001
1009
991
990
989
988
1034
1002
990
998
1024
1006
1001
997
1032
991
1001
993
1006
989
1019
1001
1017
1020
996
994
1033
997
1007
1003
990
1007
1000
1001
1018
993
1001
1001
1017
1019
999
1036
994
1016
1004
996
1020
1003
996
993
1002
1017
1013
1016
991
1012
1007
1002
999
1006
1018
995
993
1018
989
992
994
1014
1013
990
999
1000
1001
1020
1003
1016
992
996
1002
1010
1010
1018
1006
1002
991
1002
997
995
1034
1018
1002
995
1001
1002
1018
992
1016
993
1006
1016
988
1001
1002
1002
1010
999
992
1018
1009
993
1014
1032
1009
990
1003
991
1031
1007
998
999
1018
996
999
1016
989
1019
1013
1000
991
1017
995
1010
992
993
1018
1011
1004
991
1003
1016
994
1002
1012
1009
989
1000
999
999
1008
1012
996
1028
1007
996
1001
990
1001
993
995
1001
997
1000
1019
1001
994
1015
1027
1011
1015
1012
1005
1008
1020
1014
1006
1010
1007
1023
1001
1014
993
1020
998
990
1019
991
990
988
1008
1016
1018
987
1002
1030
994
1016
989
1005
1008
1018
1012
1033
1018
992
989
1012
1008
1004
1003
1031
1003
1002
1018
997
1010
1002
1029
1006
1012
994
994
1003
1001
1018
1013
1003
1010
1007
1009
994
989
990
1001
991
1019
1006
1009
1006
1017
1014
1006
1008
1024
1018
1002
1010
1016
1012
1002
1001
1007
995
1001
1003
1015
1002
998
998
1019
1007
986
1020
1000
992
1028
1015
1009
991
1032
1005
1009
1007
1001
1003
1027
989
1003
1010
1020
1019
1005
1001
992
990
1002
1003
1029
1009
1005
998
1017
989
1015
1003
1004
992
1002
1001
1018
1027
999
1012
1001
1004
1019
1013
1001
1006
992
1020
999
1018
990
1015
1001
1028
1002
1012
1016
1016
1016
1020
1002
992
1005
1002
1018
1015
1005
1018
1015
1029
990
1001
1018
999
1013
1001
999
1008
1001
994
1027
1028
995
1000
1030
990
1001
1036
992
1007
997
994
997
989
990
1003
1013
1032
1004
1002
1002
987
1015
1000
1007
1017
1018
1031
1018
1011
1013
1019
1012
1015
1018
1002
1005
1015
991
1015
989
1016
994
1014
1016
1016
992
991
1018
1015
997
998
1002
1020
997
1049
1002
1009
1004
998
1030
1033
1001
992
1005
1025
1018
990
1003
1001
992
1018
1004
1015
1013
1005
1025
1005
990
1001
995
1034
1017
1019
1024
1012
1003
1026
1019
1025
1023
1002
1004
1018
1012
1016
1010
1020
1018
1001
1015
1001
1014
1028
1018
1001
1009
1001
1013
1014
1010
992
1017