D4 1000
999
1016
1015
1014
1015
1001
1031
996
999
1011
1011
999
999
998
1013
1017
1001
999
1012
1016
997
1016
999
1001
1017
998
1013
998
998
1016
1012
1014
998
993
995
1014
999
1011
1017
1014
995
998
1017
1015
996
995
1000
1011
999
993
993
1012
1015
1016
995
1000
995
1016
999
995
1007
1016
999
1016
1027
997
1013
1013
1009
994
995
1011
1015
1012
999
1016
1031
999
995
999
1015
1015
998
996
1031
999
996
1011
1010
1017
996
1012
1015
1012
999
1014
1000
999
999
997
1000
999
997
1000
1015
1010
994
997
996
1014
995
1000
1000
1014
1015
1015
999
1015
1016
996
1016
1015
999
1000
1013
1010
999
999
998
1014
1013
999
1027
995
999
1016
1000
1017
1010
998
999
996
1009
995
999
994
1027
1016
994
1015
999
1000
1000
1001
1013
1017
1016
1000
1015
1000
1016
1016
1013
1015
1011
1012
1014
998
998
1000
998
1000
1012
1016
1012
994
1002
995
1012
1032
995
1012
998
1009
998
1012
1012
1013
998
999
999
997
994
999
999
1010
1012
994
1016
1025
995
1016
999
1011
1000
1015
995
1027
997
995
1013
1010
1015
1000
1014
995
999
999
999
1014
1014
1012
1016
995
1015
995
999
999
1030
996
1017
1000
1015
1016
1031
999
1024
1010
1012
999
1028
999
1016
998
999
996
999
1017
1011
995
995
999
1014
999
997
999
999
999
1011
1015
1009
998
1000
1016
1014
1016
995
994
996
1016
998
994
1008
993
1015
1000
1017
1016
1010
999
999
995
999
999
1018
1010
994
998
996
1015
1011
997
1012
1031
1012
998
1001
997
994
1016
1002
1031
1017
1015
996
1011
996
1013
997
1026
1016
1018
998
1014
1012
1031
1014
1031
996
996
995
1016
1000
999
995
1025
998
1012
999
993
999
1016
1017
994
996
999
999
1008
999
999
996
997
1012
997
995
1028
999
999
996
996
1000
1000
996
1013
999
996
1011
1013
1010
1001
998
1014
1015
1014
1016
999
1015
1011
1000
1000
1028
999
999
1014
1008
998
999
999
1031
993
999
997
998
1011
993
1016
1031
1001
998
1014
1000
993
1014
995
1011
1016
995
1000
998
1012
1016
1016
1013
998
999
1001
999
998
995
1002
994
1012
994
1017
1017
1017
1014
999
1012
1000
1015
995
1015
1012
1015
1016
996
1014
1013
1011
996
997
999
1014
1016
1014
1013
1011
997
995
1017
995
997
1016
1001
1000
998
1011
995
1002
999
1013
995
1016
1013
1011
996
996
998
1011
1017
995
999
999
1015
1015
1001
1029
995
996
996
1014
1015
996
1013
1014
1018
1017
995
1014
996
999
999
1025
1017
1015
1000
1014
1018
1000
1000
1014
1029
995
1005
1024
998
999
999
1026
1000
999
1014
1031
1001
1010
1000
1011
1015
995
1017
1015
998
1032
999
1027
996
1013
1016
997
995
999
999
1014
1012
999
999
1016
995
995
999
1015
1012
994
1016
1012
999
999
1016
999
1000
1016
995
1014
1012
994
1015
1000
1000
994
1000
1032
1014
996
999
995
1030
995
999
1012
1031
1029
1000
1000
1011
1000
1013
995
1009
995
999
1000
1010
1017
1012
1015
1014
1016
995
1015
1016
996
999
999
1014
1000
1011
1002
1010
995
1002
995
996
999
1001
1000
1016
1010
999
1001