D3 1000
1021
1013
1012
1019
1021
1013
1000
1015
1001
1004
1010
999
1015
1002
1016
1004
1007
1025
1012
1032
1008
1019
1023
1028
1025
1027
1025
1000
1011
1026
1030
1014
1013
1016
1019
998
1028
1000
1003
1007
1014
998
1020
1008
1022
1020
1007
1003
1015
1048
1001
1004
996
1001
1020
1015
1011
998
1023
999
1020
1032
1009
1029
1018
1016
1022
1030
1021
1006
1003
1021
1002
1004
1001
1033
1025
1037
1013
1003
1005
1005
1037
1016
1019
1003
1023
1012
1013
999
1005
1039
1029
1027
1024
999
1015
1012
1028
1005
1037
1000
1035
1004
1008
1018
1005
1022
998
1019
1037
1015
1004
1005
1038
1026
1008
1000
1019
1019
1003
1005
1008
1042
1012
998
1000
1016
1031
1002
1014
1044
1008
1021
1028
1000
1018
1030
1026
1006
1028
998
1013
1012
1006
1001
1005
1019
1011
1013
1030
1013
999
1000
1001
1001
1032
1017
1002
1017
1032
1002
1013
1004
1009
1041
1007
1021
1000
1000
1015
1009
1001
1018
1018
1021
1023
1011
999
1017
1018
1032
1004
1005
1014
1014
1004
1011
1004
1020
1001
1002
1002
1019
1026
1011
1018
1039
1001
1004
1014
1001
1017
1018
1000
1029
1011
1032
1001
1035
1018
1023
998
1016
1009
1027
1027
1011
1029
1008
1003
1014
1015
1000
1001
1034
1017
1027
1002
1005
1015
999
1018
1012
1029
1017
1010
1010
1011
1042
1027
1002
1028
1031
1015
998
1001
1006
1015
1010
1029
1004
1007
1028
1009
1027
1015
1007
1004
1029
1001
1026
1015
1015
1015
997
1014
997
998
998
1022
1003
1019
1005
1003
1012
1014
1007
1011
1002
1015
1021
1005
1008
1003
1024
1038
999
1020
1004
1036
1011
1020
1023
1015
1026
1028
1014
1031
997
1011
1004
1003
1024
1045
1023
1016
1032
1017
1037
1013
1031
1001
1032
1027
1007
1027
1009
1017
1036
1006
1006
1005
1023
1011
1021
1012
1041
1005
1004
1013
1014
1029
1008
1013
1014
1006
1037
1014
1030
1003
1021
1016
1002
1005
1022
1030
1004
1001
1012
1026
1026
1026
1021
1023
1035
1007
1023
1012
1017
1000
1004
1000
1011
1021
1023
1013
1004
1015
1022
1013
1042
1004
999
999
1011
1004
1004
1020
1011
1018
1002
1031
1014
1013
1004
1022
998
1015
1015
1015
1005
1029
1004
1020
1002
1020
1022
1021
1002
1014
1019
1019
1029
1010
1021
1037
1001
1003
1002
1004
1013
1011
1028
1004
1004
1001
1017
1018
1000
1029
1014
1001
1019
1017
1030
1014
1010
1026
1025
1019
1001
1015
1032
1046
1014
1010
1011
1010
1045
1030
1012
1004
1019
1030
1032
1004
1006
1014
1030
1005
1031
1005
1026
1003
1013
1012
1028
1030
1015
1013
1009
1023
1022
1021
1005
1029
1014
1000
1017
1015
1038
1016
1010
1014
1015
1006
1029
1030
1001
1025
1009
1014
1030
1022
1020
1015
1063
1004
1001
1031
1000
1001
1013
1030
1000
1005
1003
1006
1005
1003
1013
1010
1037
1016
1003
1029
1002
1031
1015
1030
1004
1032
1031
1003
1015
1009
1027
1011
1029
1017
1001
1033
1008
1024
1012
1003
1020
1016
1031
1009
1018
1027
1011
1012
1027
1028
1018
1001
999
1022
1005
1007
1003
1007
1024
1024
1022
1013
1011
1044
999
1000
1012
1003
1000
1006
1007
1005
1036
1015
1035
1017
1000
1040
1026
1015
1034
1045
1012
1013
1013
1031
1059
1003
1008
1006
1006
1032
1016
1018
1014
1022
1029
997
1001
1005
1034
1024
1006
1012
1004
1019
1001
1004
1017
1029
1028
1006
1026