D4 1000
1006
1000
1031
1000
1000
1000
1000
1016
1000
1000
999
1015
1003
1016
1000
1000
1016
1016
1016
1017
1016
1000
1017
1001
1000
1015
1000
999
1000
1006
1032
1005
1000
1002
1003
1000
1004
1000
1000
1016
1016
1000
1017
1001
1015
1001
1000
1000
1020
1017
1015
1017
1016
1015
1016
1004
1004
1017
1004
1021
1000
1002
1020
999
1005
1002
1000
1015
1000
1021
999
999
1014
1000
1001
1003
1014
1016
1000
1001
1000
1014
1015
1000
1005
1019
999
1016
999
1001
1029
998
1000
1005
1017
1015
1000
999
1004
1031
1017
1017
1002
1000
1014
1000
999
1000
1000
1018
999
1004
1018
1032
1017
1017
999
1000
1003
999
999
1000
1016
1017
1015
1017
1000
1014
1006
1000
999
1000
1013
1017
1001
1017
1015
1000
1004
1000
1016
1019
1000
999
1000
999
1031
1004
1000
1017
1015
1015
1000
1021
1000
1015
1000
999
1016
1005
1001
1015
1015
1001
1033
1000
999
1006
1016
1030
1003
1021
1000
1017
1004
1003
1017
1016
1020
1004
1000
1003
1001
1018
1000
1000
1000
1019
999
1015
1000
1021
1015
1017
1004
1015
1017
1015
1000
1000
1005
1017
1000
1001
1000
1000
1033
1003
1000
1016
1001
1000
1000
1021
999
1003
1005
999
1004
1000
1015
1017
1005
1021
1017
1017
1004
1004
1000
1013
999
1016
1017
1000
1015
1002
1000
1021
1031
1000
1017
1000
1005
1015
1005
1020
999
1000
1000
1000
1016
1002
1031
1017
1000
1017
1000
1015
1001
1000
1021
1003
1000
1000
1004
1000
1020
999
1017
1000
1015
1019
1003
1000
1028
1032
1004
1000
1004
1000
1018
999
1000
1018
1016
1013
1017
1000
1014
1019
1017
1000
1000
1016
1018
1004
1017
1005
1017
1021
1000
1000
1021
1013
1019
1005
1000
1017
1003
1001
1001
1000
1000
1019
1003
1000
1000
1031
999
998
1000
1001
1030
1017
1015
1001
1020
1021
1000
1001
999
1032
1006
1000
1016
1001
1032
1016
1000
1001
1029
1002
1000
1000
1000
1014
1004
1021
1018
1021
1004
1000
999
1016
1015
1017
1000
1016
1015
1031
1017
1000
1000
1016
1017
1017
999
1017
1018
1016
1000
1001
1000
1015
1017
1021
1000
1017
1017
1000
1017
1016
1015
1022
1004
1017
1016
1015
995
1000
1002
1035
1000
1000
1000
1000
1015
1016
1017
1000
1021
1016
1005
1004
1000
1017
1017
1000
1018
1000
1015
1000
1000
1017
1001
1018
1000
1016
1002
1019
1015
1000
1018
1005
1032
1005
1000
999
1015
1005
999
1000
1004
1015
1000
1005
1021
1021
1015
1001
1016
1018
1013
1015
1004
1017
999
1031
1004
1004
1000
1004
1015
1016
1000
999
1019
1003
999
1000
1004
1031
1001
999
1002
1019
1002
999
1016
1017
1032
1000
1000
1000
1016
1019
1001
1016
1000
1016
1005
1015
1000
1000
1031
1000
1000
1000
1001
1031
1017
1000
1017
1019
1017
1000
1000
1000
1032
1000
1001
1000
1000
1017
1001
1000
1017
1014
1004
1002
1000
1000
1002
1017
999
1000
1013
1002
1001
1018
1002
1036
1000
1000
1004
1000
1030
1001
1000
1000
1031
1000
1002
1000
1000
1014
1013
1000
999
1021
1032
1000
999
1000
1019
1000
1013
999
1001
1033
1017
1000
999
1017
1015
1000
999
999
1032
1000
999
1017
1005
1019
1016
1016
1002
1016
1016
1000
1000
1001
1015
999
1000
1000
1019
1016
1017
1000
1000
1031
1015
1004
1001
1017
1015
1004
1000
1026
1000
1031
1017
1021
1000
1014
1017
1017
1015
1004