D3 400
409
405
417
407
409
409
418
408
418
404
413
408
417
401
412
418
417
406
410
412
409
415
401
418
416
413
413
414
419
417
407
405
403
408
417
416
404
415
417
416
413
421
411
417
412
416
401
406
410
403
418
409
402
413
417
426
414
405
405
416
417
409
404
417
416
418
407
415
409
408
419
416
407
410
411
415
416
418
408
402
412
417
419
401
411
417
419
402
411
414
407
417
402
416
412
417
419
416
419
413
404
416
414
419
414
405
417
407
414
416
416
418
416
410
410
403
413
407
416
407
405
404
418
412
405
416
418
416
409
416
413
411
416
416
416
417
407
406
417
404
417
417
417
414
400
415
409
418
414
415
402
414
412
404
413
419
416
418
413
417
409
403
433
416
418
414
413
418
408
418
406
416
427
418
408
411
415
418
416
410
415
414
417
415
408
403
417
404
416
410
413
411
412
410
408
418
409
401
405
419
417
430
410
416
417
419
410
403
411
416
416
404
409
411
416
403
418
414
415
415
415
403
416
416
406
417
419
416
409
413
411
418
416
408
409
404
403
415
416
412
426
415
417
417
420
410
407
402
417
418
409
414
418
420
406
416
410
416
414
411
417
416
416
416
417
407
410
413
417
402
416
401
407
415
419
422
402
410
417
415
404
417
417
414
416
414
408
418
418
425
402
404
416
415
403
411
407
405
418
415
409
413
403
406
411
412
415
411
406
417
409
400
415
419
418
417
416
416
418
409
418
403
414
416
404
416
419
418
415
404
417
411
414
404
406
403
418
419
412
415
414
406
411
418
421
414
420
417
409
414
417
418
419
408
411
408
405
415
408
406
414
402
414
417
417
412
402
412
419
404
410
412
405
419
409
417
412
414
407
418
401
417
416
407
419
417
402
411
406
406
416
417
416
417
408
416
431
407
410
417
417
416
413
417
410
410
409
417
410
413
417
406
413
406
417
407
405
401
416
416
411
418
417
417
419
418
416
416
416
408
408
408
407
419
417
426
418
404
410
416
417
417
410
416
408
417
417
410
418
407
417
401
402
406
416
408
416
407
408
417
408
417
418
417
418
418
416
416
415
413
418
409
409
418
407
414
407
405
417
411
413
416
418
406
408
407
416
417
405
421
412
417
415
417
405
410
412
417
417
406
406
409
414
401
417
416
407
413
417
415
418
418
417
417
406
417
408
410
414
415
401
417
406
413
416
414
416
413
419
416
401
403
402
410
414
406
417
402
411
409
415
417
432
406
411
402
416
415
417
402
420
413
407
403
407
417
416
412
403
416
401
408
402
419
416
418
409
411
417
418
418
416
412
415
417
420
408
417
419
401
412
427
417
406
416
416
419
416
417
414
408
401
415
410
413
415
409
417
418
401