D4 400
412
397
400
398
397
396
414
396
397
395
395
397
396
396
411
395
396
397
412
397
411
396
412
396
397
413
397
398
394
396
397
397
395
397
397
404
413
413
395
396
412
412
395
395
396
397
397
397
413
412
398
399
395
413
398
397
397
413
397
396
395
397
398
397
397
396
412
398
399
411
407
397
397
393
396
397
398
396
408
397
410
395
411
411
417
397
398
416
396
400
395
412
410
394
398
412
410
397
411
413
396
395
410
395
394
409
396
411
411
398
394
396
395
395
396
395
396
397
412
412
394
393
395
416
413
397
413
396
414
395
397
395
395
396
396
395
396
412
415
395
394
414
412
397
413
412
395
397
411
413
397
396
394
393
411
397
398
429
396
397
398
397
399
397
397
395
410
415
396
413
396
398
397
410
397
413
397
398
398
409
397
396
396
398
400
401
415
414
395
398
397
395
411
411
413
406
393
397
409
409
396
410
396
395
411
411
397
410
394
397
394
408
396
395
412
397
394
413
395
395
397
397
393
411
409
395
394
413
412
395
397
395
397
412
396
404
412
396
396
397
445
397
396
395
410
411
395
412
397
394
395
395
395
411
414
396
411
395
411
398
396
396
409
395
411
413
396
396
398
398
399
400
397
397
396
410
414
395
397
429
413
397
395
398
413
396
394
397
411
401
397
395
394
395
395
399
410
413
395
414
408
398
413
411
395
413
395
409
410
398
396
397
396
411
396
413
398
396
405
399
393
397
395
393
398
398
410
410
398
395
393
411
395
396
396
412
410
396
411
395
410
395
396
411
409
395
394
394
396
410
396
396
412
413
411
397
397
417
396
395
393
396
412
396
414
398
396
397
410
395
395
411
397
411
396
413
411
397
397
412
396
411
411
396
413
396
397
412
411
398
400
394
396
431
397
398
433
397
398
398
396
397
399
397
396
413
397
396
397
413
413
396
397
398
409
397
397
413
413
396
396
428
408
396
412
410
396
412
394
395
396
411
409
410
396
416
412
396
396
396
410
393
395
394
411
397
394
395
411
397
412
411
395
411
396
394
414
410
393
394
393
396
396
414
427
397
413
398
396
415
409
394
410
394
415
395
412
397
396
394
410
395
396
413
396
396
413
396
395
411
410
396
410
412
397
397
411
396
397
413
396
398
398
396
416
397
398
396
395
395
412
397
396
417
415
410
429
396
414
396
397
396
413
412
397
399
410
398
411
412
412
413
397
410
396
396
397
410
397
396
413
394
417
397
394
410
412
395
394
409
393
397
432
398
396
396
394
398
396
394
411
409
411
393
395
411
394
394
399
397
411
397
396
396
411
410
414
412
413
396
411
392
410
396
397
397
394
417
395
396
396
396
396
397
395
414
396
413
393
397