D3 150
167
158
159
169
159
181
159
158
179
193
163
157
183
162
163
157
158
156
187
161
165
178
165
159
183
181
162
158
171
163
165
160
163
158
169
168
173
168
178
162
157
163
161
167
164
171
168
162
156
184
163
169
162
164
168
156
177
184
168
155
164
170
169
165
160
156
184
182
179
167
161
166
179
168
164
157
165
191
164
171
189
185
168
162
171
163
188
180
180
173
157
177
194
157
154
171
184
176
181
156
181
159
158
183
162
170
165
158
164
155
178
168
166
170
161
182
156
181
182
170
163
164
162
155
162
162
184
161
166
158
170
162
157
163
167
154
166
156
167
163
163
170
175
196
156
184
160
168
155
169
158
164
157
162
159
164
170
156
159
162
182
156
170
160
164
156
163
165
155
160
168
164
158
181
159
170
155
171
175
166
165
169
172
167
171
179
169
176
167
171
169
159
162
170
159
157
171
163
169
155
167
157
160
165
159
182
165
160
168
169
156
164
168
158
169
167
163
161
171
153
170
168
166
172
160
165
162
166
170
166
181
167
163
193
194
173
158
165
171
155
166
159
173
171
176
194
158
175
159
183
162
162
163
162
165
166
184
166
170
171
196
157
161
164
163
158
172
163
181
160
160
159
161
168
169
175
165
158
174
162
155
192
164
156
182
155
169
178
187
194
169
171
165
169
182
181
170
157
161
171
156
166
166
184
167
186
173
179
171
170
175
165
177
166
168
165
157
170
183
156
192
182
162
168
158
154
178
160
175
165
163
158
176
168
181
165
182
165
157
165
162
163
155
166
163
178
164
172
162
155
169
182
157
183
156
156
162
169
158
166
163
162
158
160
180
170
167
164
179
166
172
162
155
167
159
159
166
172
159
164
169
158
169
155
156
181
168
177
161
158
173
163
165
171
165
158
172
166
163
163
166
158
167
167
165
168
155
183
162
166
193
168
156
159
161
180
154
161
169
157
162
174
161
156
173
161
167
162
156
168
162
160
169
166
164
170
162
168
176
167
177
179
174
195
175
180
175
170
163
157
192
163
173
170
169
175
177
164
170
167
162
168
178
182
175
155
163
180
180
167
157
163
156
159
159
171
165
176
182
156
170
175
169
170
161
168
178
155
155
159
165
168
159
160
160
161
181
182
164
167
158
178
158
156
161
154
157
179
164
168
159
159
159
169
157
187
172
180
169
167
160
172
156
176
157
174
162
194
177
162
166
175
168
179
171
160
172
161
181
157
166
154
161
157
167
157
171
165
158
172
154
183
178
164
162
158
167
158
174
179
168
159
162
159
173
168
170
174
164
168
158
160
163
176
160
158
176
159
178
196
166
171
174
167
173
166
175
156
162
164
158
180
154
156
164
170
163
159
180
165