D4 150
151
148
149
165
180
149
181
150
150
163
149
181
151
180
161
166
149
166
149
148
148
149
149
150
148
149
163
166
151
149
149
147
149
148
164
149
147
149
150
180
165
179
180
148
194
164
148
149
149
162
148
163
149
166
163
151
151
150
149
164
149
149
150
149
147
149
151
150
149
149
151
149
165
167
162
165
164
151
165
166
151
148
148
149
166
148
149
149
149
149
151
150
147
152
165
145
165
149
167
149
150
166
165
149
164
166
146
149
180
163
168
166
163
148
163
150
165
150
150
164
165
166
148
166
161
181
151
149
164
150
149
166
149
166
164
151
163
152
150
147
166
150
151
151
146
167
148
164
151
149
150
148
148
198
147
165
161
164
183
148
150
164
148
180
148
165
165
165
148
164
163
166
149
149
148
149
149
149
163
149
149
148
148
149
164
150
149
150
151
149
151
148
180
166
150
149
166
149
151
151
165
148
149
147
151
151
148
148
150
149
148
148
150
163
166
149
148
164
150
164
150
165
164
165
149
149
163
152
166
148
151
166
151
166
151
165
182
148
149
147
147
163
151
166
149
164
148
166
183
149
181
166
148
179
149
149
150
150
151
149
164
162
165
162
163
150
150
148
150
147
151
150
149
165
165
164
151
182
164
150
152
150
163
148
145
150
149
148
148
148
149
149
151
149
149
165
162
165
164
181
166
148
166
151
149
164
149
148
166
165
148
165
165
150
148
150
148
165
150
165
149
150
165
148
149
150
165
148
150
147
150
149
151
150
151
148
151
165
181
149
164
178
150
166
149
150
165
164
161
164
165
150
149
151
148
150
165
165
148
149
149
148
148
147
150
165
147
165
149
149
151
149
165
163
163
151
165
164
181
164
149
182
150
164
163
150
150
148
149
178
149
164
150
164
166
149
150
148
164
197
148
147
151
162
149
151
148
149
151
197
165
165
150
166
182
149
165
148
150
164
149
148
150
150
162
165
164
149
151
148
151
148
149
165
163
148
166
150
168
149
164
163
149
163
149
150
164
150
165
167
149
164
151
149
149
149
165
151
164
156
149
163
166
166
151
151
161
149
149
148
150
149
149
149
165
147
150
162
149
147
149
150
164
165
162
148
149
148
148
149
149
151
151
149
150
166
164
150
165
163
149
150
151
168
182
151
147
152
150
166
166
149
163
149
179
148
165
150
147
163
164
150
150
163
178
164
164
148
148
195
149
163
149
150
163
181
150
148
149
181
181
149
148
148
149
148
148
148
150
163
149
149
164
149
147
148
164
148
148
149
165
164
149
165
150
162
149
151
150
152
148
167
151
150
164
148
150
150
151
148
151
150
149
150
163
148
149
150
149
148
165
149
148
165
164
149
167
145
147
148