D1 150
11
9
10
12
12
10
11
11
9
11
9
13
12
10
8
9
13
8
13
10
12
8
10
12
11
10
18
9
13
10
10
8
10
11
12
12
13
13
8
11
13
10
11
10
10
12
10
8
13
8
10
11
11
10
8
13
14
12
12
12
11
12
11
9
9
13
10
11
13
11
10
11
11
10
10
13
8
10
11
13
11
9
11
10
12
25
14
11
12
13
12
9
11
8
10
19
10
8
12
12
11
11
9
9
10
11
11
11
11
12
11
10
13
12
13
11
13
12
11
12
11
12
8
13
10
10
11
8
10
11
12
11
11
9
11
12
11
12
10
13
10
12
9
11
18
11
11
10
8
13
13
11
13
7
15
11
11
13
9
10
11
12
11
11
11
11
10
9
12
11
10
10
12
11
11
11
11
11
11
9
6
10
13
11
12
12
11
10
11
12
12
13
11
13
11
14
11
12
11
12
10
13
10
20
6
10
10
8
11
10
9
13
12
18
8
10
9
9
12
7
12
11
11
9
10
10
12
12
11
10
13
11
11
9
9
13
10
11
14
12
10
11
9
11
12
8
12
10
10
11
11
10
10
11
9
11
10
11
13
12
11
12
10
8
10
8
13
9
10
8
8
13
18
13
10
8
11
11
9
8
12
11
19
11
10
12
11
9
12
11
11
11
10
11
10
12
13
10
12
14
11
8
9
12
12
11
12
14
15
13
12
8
9
9
12
9
9
9
10
12
12
10
10
11
13
10
7
15
10
9
11
17
10
11
11
12
10
12
8
11
9
13
9
12
10
11
10
12
11
13
11
10
10
11
13
13
11
12
8
11
10
9
8
10
10
12
11
10
9
10
12
12
13
9
11
12
10
12
10
11
11
9
13
12
10
9
12
9
8
14
21
10
11
12
12
12
11
12
8
8
19
13
11
10
12
11
12
9
9
10
10
10
12
9
13
9
11
8
12
14
7
7
8
12
12
11
10
9
9
10
10
13
11
9
12
11
10
12
8
10
11
10
10
12
12
11
12
9
13
19
8
8
8
13
10
10
12
11
11
20
10
13
10
10
9
9
11
12
10
12
7
13
14
9
9
12
11
8
10
9
11
7
13
10
11
10
12
12
11
7
12
12
8
10
7
10
9
10
10
10
10
9
8
10
8
13
13
9
10
11
10
9
10
11
8
12
12
8
14
11
9
15
11
9
11
9
8
12
21
11
9
11
11
11
11
10
13
10
10
10
9
11
9
14
11
13
12
11
9
10
9
10
12
11
8
8
11
10
10
16
10
9
8
8
11
14
11
7
10
11
10
10
7
10
9
10
12
17
11
12
10
12
10
12
9
12
10
14
10
11
6
11
12
12
8
12
10
9
12
11