D3 150
148
198
188
210
205
181
220
223
172
200
160
187
189
216
212
201
187
199
181
173
172
174
185
192
206
182
207
192
234
158
159
190
254
166
210
208
211
215
217
169
176
192
170
193
185
158
215
186
157
178
186
149
173
204
184
198
167
168
214
222
168
180
202
232
172
189
243
185
153
166
152
234
160
189
159
181
171
194
163
172
183
158
222
179
205
176
157
188
192
172
170
211
181
244
169
192
226
231
177
190
157
206
211
225
212
196
179
214
222
178
453
165
238
225
234
187
161
174
204
208
204
215
205
182
166
215
222
236
221
204
202
205
212
229
206
184
240
229
210
189
216
169
204
275
208
199
237
258
184
203
212
210
231
203
189
198
237
230
213
188
209
176
221
225
208
232
255
462
209
211
154
182
189
177
222
197
204
196
240
210
193
207
177
228
215
185
190
229
190
182
178
229
190
143
175
230
171
234
144
159
187
200
183
203
177
185
233
214
180
168
173
170
247
244
177
183
194
219
168
184
176
255
177
180
273
238
223
171
248
232
233
218
247
223
179
226
233
260
193
191
248
180
250
185
213
221
174
191
218
261
199
182
233
193
220
183
178
273
269
208
251
214
259
191
166
182
172
225
183
239
180
174
151
256
177
264
251
186
197
180
183
175
239
205
181
161
166
200
187
222
188
274
183
179
219
182
172
194
261
174
168
158
189
247
177
169
272
277
173
269
165
159
207
225
175
186
188
170
173
232
183
253
187
209
186
244
190
180
251
208
183
254
195
205
158
255
197
201
179
231
211
184
161
215
258
198
178
226
230
214
178
183
167
240
251
221
189
177
216
229
293
225
175
158
249
186
249
243
239
203
211
279
165
238
171
241
182
262
264
250
201
179
225
155
244
276
188
171
183
201
190
227
158
169
178
168
227
266
278
243
224
262
207
192
213
247
183
191
199
261
183
222
188
180
184
198
242
181
280
186
195
176
224
287
254
248
186
228
247
279
166
175
162
183
240
236
178
227
251
217
207
164
253
184
202
298
272
274
175
322
256
189
180
202
181
220
214
209
266
170
272
265
155
183
227
214
256
162
232
240
285
294
156
224
221
296
237
214
190
540
257
205
248
188
186
217
189
243
253
241
197
248
242
253
166
155
218
245
241
202
187
179
223
245
207
209
179
243
298
173
181
182
202
167
221
274
160
199
281
257
269
239
205
181
296
176
181
139
174
265
257
226
143
257
180
196
213
188
200
208
179
250
193
191
284
249
263
184
157
189
207
254
181
155
274
204
169
221
256
218
256
225
208
283
181
184
198
164
284
274
198
287
260
188
222
239
166
169
203
262
268
293
166
261
343
245
226
274
211
267
191
174
261
185
279
286
368
232
191
287