D4 150
245
195
191
200
195
224
183
177
223
198
248
215
195
207
191
189
212
177
194
221
193
227
196
179
176
180
244
213
198
229
262
241
330
246
195
194
179
178
174
236
238
223
353
195
195
193
195
212
243
219
221
264
177
175
177
176
193
243
192
180
229
223
177
180
236
241
176
223
245
265
227
242
194
224
186
178
237
194
244
227
241
246
194
192
175
240
264
232
236
245
242
175
240
174
209
231
177
176
173
185
242
179
176
197
181
194
241
179
194
178
331
241
192
197
193
227
227
245
194
191
230
195
211
178
248
179
179
186
169
186
226
176
193
174
195
218
191
191
195
228
164
194
197
173
195
195
197
190
247
176
178
225
174
223
237
172
176
173
182
228
207
256
177
195
178
180
178
189
178
180
213
228
224
236
194
203
194
180
225
233
241
195
206
174
189
197
271
178
256
268
238
182
209
262
267
195
238
193
229
245
277
222
275
265
260
225
179
227
224
244
269
262
181
189
249
269
216
260
211
260
256
189
270
265
193
178
174
208
178
194
208
179
195
193
241
199
193
178
236
193
215
195
180
256
197
196
334
242
190
186
178
221
176
198
189
178
242
180
174
196
191
218
172
252
246
226
205
177
256
186
240
274
294
168
257
278
178
260
209
253
258
277
187
221
225
225
261
247
232
173
237
176
190
263
197
240
248
262
170
242
272
241
272
178
295
279
179
168
210
190
191
275
256
178
312
266
266
268
230
176
286
177
269
184
264
194
285
245
174
224
191
193
241
229
240
193
187
237
242
195
228
194
177
311
164
195
227
179
183
209
228
242
250
174
191
193
215
243
180
196
178
192
223
224
189
256
215
190
194
192
196
176
297
180
257
178
250
180
193
178
235
266
193
262
170
190
245
267
289
256
282
206
265
267
245
286
211
222
166
188
187
215
275
269
182
184
296
234
195
185
260
258
231
274
269
219
208
259
168
268
296
260
206
179
191
173
256
291
182
177
207
249
275
228
213
202
180
176
177
233
237
241
178
210
244
176
176
178
242
211
194
269
257
261
282
181
179
243
179
263
167
164
260
211
190
193
192
275
175
258
191
177
228
193
194
162
197
198
203
189
175
231
176
208
200
181
170
177
189
174
210
179
189
179
262
245
197
195
211
242
204
288
190
193
167
225
256
177
180
250
292
233
198
241
191
206
293
221
164
195
177
177
242
288
194
245
271
282
240
178
173
205
295
159
268
261
292
306
261
181
273
185
272
281
249
193
166
254
294
291
203
195
264
258
179
295
297
222
192
213
184
244
190
191
272
279
291
271
194
188
282
174
217
251
178
197
223
278
184
195
190
175
265
195
179
183
187
166
259
190
257
192
174
265
197
217
164
178
222
188