D3 1000
1029
1041
1014
1014
1031
1018
1008
1022
1007
1026
1019
1013
1019
1034
1018
1016
1022
1021
1033
1009
1011
1017
1027
1016
1021
1007
1017
1031
1015
1004
1009
1033
1004
1018
1018
1018
1033
1019
1015
1006
1032
1023
1019
1011
1006
1033
1017
1015
1005
1033
1019
1018
1018
1006
1033
1024
1020
1021
1023
1017
1032
1008
1022
1024
1015
1018
1022
1021
1022
1018
1025
1017
1031
1082
1037
1023
1035
1030
1017
1035
1031
1018
1035
1013
1025
1035
1034
1018
1034
1029
1018
1005
1034
1026
1031
1052
1034
1050
1032
1020
1017
1018
1005
1033
1010
1018
1021
1032
1009
1019
1020
1012
1031
1005
1017
1019
1031
1020
1017
1019
1022
1034
1013
1010
1020
1018
1010
1013
1035
1004
1009
1017
1014
1017
1039
1015
1018
1012
1031
1011
1019
1008
1010
1021
1018
1019
1033
1022
1020
1020
1007
1018
1034
1014
1030
1014
1033
1018
1009
1012
1014
1033
1025
1018
1006
1025
1022
1018
1019
1005
1018
1003
1012
1004
1024
1010
1014
1038
1033
1008
1017
1013
1036
1034
1004
1019
1018
1034
1016
1033
1039
1024
1023
1037
1033
1018
1034
1012
1032
1035
1034
1034
1047
1034
1003
1034
1003
1034
1032
1021
1033
1011
1025
1025
1032
1023
1033
1034
1019
1028
1032
1022
1017
1033
1020
1019
1007
1008
1020
1013
1017
1017
1035
1019
1016
1027
1019
1021
1006
1014
1018
1011
1017
1022
1018
1036
1018
1018
1018
1018
1016
1013
1034
1016
1016
1005
1009
1012
1024
1018
1012
1018
1038
1028
1016
1017
1021
1035
1015
1026
1021
1015
1021
1017
1017
1017
1024
1023
1022
1011
1019
1030
1019
1014
1014
1033
1018
1020
1020
1020
1021
1019
1017
1018
1029
1019
1031
1016
1036
1009
1018
1017
1027
1035
1006
1010
1004
1034
1034
1022
1033
1028
1030
1031
1019
1023
1034
1029
1014
1034
1016
1035
1028
1033
1012
1005
1036
1036
1010
1028
1035
1023
1018
1010
1032
1012
1004
1030
1024
1015
1016
1029
1008
1023
1021
1015
1021
1021
1015
1022
1012
1016
1011
1021
1017
1017
1018
1034
1024
1019
1024
1017
1018
1018
1033
1026
1018
1011
1028
1034
1034
1018
1022
1019
1032
1019
1007
1015
1030
1015
1019
1010
1017
1003
1032
1017
1018
1027
1017
1020
1015
1033
1008
1017
1022
1035
1036
1006
1014
1021
1025
1020
1007
1015
1014
1010
1017
1009
1020
1028
1018
1019
1017
1021
1035
1036
1022
1032
1015
1005
1026
1019
1033
1037
1018
1023
1018
1035
1035
1004
1034
1033
1004
1030
1014
1034
1004
1027
1035
1024
1034
1026
1009
1050
1035
1022
1019
1025
1020
1034
1020
1006
1011
1031
1020
1006
1020
1011
1026
1011
1018
1014
1032
1018
1011
1011
1016
1030
1030
1010
1035
1028
1010
1016
1025
1017
1033
1018
1020
1036
1009
1020
1018
1018
1022
1033
1011
1021
1015
1028
1023
1007
1020
1014
1033
1005
1021
1008
1032
1014
1018
1018
1020
1013
1019
1007
1007
1026
1024
1018
1018
1035
1036
1010
1025
1019
1019
1019
1018
1018
1016
1035
1021
1017
1018
1031
1019
1023
1020
1019
1028
1034
1029
1014
1021
1023
1008
1030
1018
1036
1010
1035
1030
1034
1027
1028
1026
1020
1014
1028
1017
1026
1029
1022
1027
1036
1031
1035
1031
1016
1017
1030
1045
1020
1016
1033
1030
1018
1016
1018
1035
1029
1018
1026
1032
1007
1015
1022
1035
1019
1026
1016
1017
1032
1023
1023
1014
1033
1031
1017
1007
1023
1041
1020
1018
1012
1023
1021
1012
1018