D4 1000
1030
1026
1027
1045
1031
1030
1029
1029
1043
1033
1031
1031
1043
1032
1030
1033
1044
1043
1032
1031
1032
1044
1030
1029
1028
1029
1044
1031
1031
1031
1043
1031
1031
1030
1047
1046
1030
1030
1030
1045
1030
1028
1029
1046
1046
1032
1029
1029
1047
1031
1031
1030
1029
1047
1031
1028
1029
1041
1031
1032
1033
1033
1043
1029
1031
1050
1045
1047
1031
1030
1031
1030
1031
1082
1029
1047
1034
1031
1031
1031
1048
1048
1048
1031
1033
1031
1066
1032
1033
1031
1048
1049
1030
1048
1036
1032
1031
1032
1033
1033
1049
1033
1046
1034
1027
1030
1032
1030
1028
1030
1027
1028
1033
1031
1044
1043
1034
1045
1029
1030
1042
1029
1031
1029
1044
1030
1031
1031
1046
1046
1027
1030
1035
1046
1028
1029
1031
1032
1033
1032
1032
1032
1047
1033
1028
1031
1045
1030
1033
1030
1048
1029
1032
1032
1031
1044
1049
1046
1028
1044
1047
1061
1032
1028
1046
1028
1029
1031
1030
1047
1031
1034
1031
1048
1031
1032
1044
1029
1031
1032
1032
1051
1046
1032
1030
1030
1031
1030
1032
1048
1031
1048
1032
1030
1032
1049
1031
1034
1049
1031
1047
1050
1032
1032
1047
1033
1031
1034
1032
1030
1035
1053
1031
1047
1032
1032
1033
1033
1045
1050
1051
1026
1044
1048
1044
1027
1030
1046
1029
1046
1035
1028
1028
1030
1042
1045
1034
1030
1030
1029
1046
1029
1032
1044
1044
1029
1031
1030
1030
1045
1031
1029
1028
1031
1032
1030
1032
1029
1032
1044
1029
1030
1044
1046
1030
1031
1044
1029
1028
1032
1027
1046
1032
1031
1047
1045
1029
1027
1028
1030
1046
1031
1032
1029
1044
1032
1032
1031
1029
1048
1029
1030
1032
1047
1031
1030
1032
1049
1030
1031
1029
1050
1048
1032
1048
1033
1048
1032
1066
1037
1035
1030
1034
1048
1033
1048
1035
1031
1053
1030
1031
1033
1050
1050
1051
1047
1048
1031
1047
1032
1048
1032
1031
1046
1035
1032
1033
1044
1034
1032
1046
1031
1044
1031
1028
1030
1041
1028
1031
1029
1031
1032
1033
1029
1031
1046
1029
1063
1027
1046
1030
1030
1047
1030
1048
1031
1047
1034
1043
1029
1032
1032
1029
1046
1030
1048
1030
1043
1032
1048
1030
1044
1029
1032
1031
1028
1046
1049
1027
1031
1030
1030
1031
1032
1028
1029
1062
1032
1027
1044
1048
1028
1031
1031
1028
1031
1046
1031
1045
1031
1030
1028
1043
1030
1029
1031
1031
1046
1028
1032
1032
1045
1030
1032
1031
1035
1046
1033
1034
1050
1048
1034
1034
1032
1030
1031
1034
1032
1066
1047
1067
1049
1049
1064
1050
1045
1033
1034
1046
1032
1031
1051
1028
1033
1028
1065
1046
1043
1031
1030
1032
1031
1032
1048
1032
1049
1046
1032
1029
1044
1031
1029
1028
1030
1031
1047
1028
1030
1030
1031
1031
1028
1029
1032
1041
1049
1045
1030
1029
1031
1044
1031
1028
1046
1045
1032
1029
1034
1030
1031
1031
1032
1044
1046
1147
1031
1044
1030
1028
1032
1029
1048
1030
1032
1032
1043
1030
1030
1032
1030
1041
1047
1053
1031
1030
1031
1030
1029
1031
1044
1046
1032
1032
1045
1033
1046
1046
1032
1048
1048
1032
1032
1047
1061
1031
1048
1034
1030
1049
1031
1033
1047
1036
1066
1032
1048
1048
1032
1049
1032
1051
1065
1034
1033
1043
1035
1032
1032
1033
1042
1029
1033
1033
1046
1064
1029
1032
1027
1030
1028
1033
1028
1049
1032
1027
1028
1044
1032
1028
1029
1031
1030
1044
1030
1031
1030
1029
1028
1030
1044