D1 150
6
2
2
2
2
2
2
2
1
3
2
2
2
2
2
1
1
1
1
3
1
2
2
1
1
2
1
1
2
2
2
1
2
1
1
2
1
2
1
1
1
1
2
2
1
1
1
2
1
2
1
2
2
3
3
1
2
2
1
1
2
2
1
2
1
1
3
3
1
4
1
1
1
1
2
2
1
2
1
1
2
1
1
2
1
2
1
1
2
1
2
1
2
2
2
1
1
2
2
2
1
2
2
3
1
1
1
1
2
1
1
1
1
2
11
2
1
2
2
1
2
2
2
2
2
2
2
2
2
2
2
3
1
2
1
1
1
1
2
1
2
2
2
2
1
1
2
1
2
1
2
1
2
2
2
1
2
1
1
2
2
2
2
1
1
1
2
4
1
2
1
2
2
1
1
2
5
2
1
5
1
1
2
1
1
1
2
2
3
1
2
2
2
2
1
1
2
1
2
2
3
1
1
1
1
2
2
1
1
1
1
1
1
1
3
2
2
1
2
1
1
2
1
2
2
1
2
3
1
2
2
4
3
2
2
2
1
2
1
1
1
5
3
3
1
1
1
2
2
1
4
1
1
2
5
1
2
1
1
2
1
1
1
5
2
1
1
1
2
1
1
1
2
2
1
1
2
1
1
2
1
1
2
2
1
1
1
1
2
1
2
1
4
1
2
2
1
1
1
1
1
2
2
1
2
1
1
1
2
2
2
2
3
3
2
2
1
2
1
2
1
2
1
2
1
1
2
2
2
1
2
1
1
1
2
3
2
1
1
2
1
1
2
2
1
2
1
1
1
1
1
2
2
1
2
4
2
2
2
1
2
2
1
2
2
1
2
3
2
1
2
1
2
2
1
2
1
2
2
2
1
1
1
1
2
1
2
2
1
1
2
1
2
1
2
1
1
1
1
2
2
1
2
2
5
1
2
2
2
1
2
1
3
1
1
1
1
1
2
2
1
3
2
1
2
2
1
2
1
2
1
1
1
1
1
2
2
2
2
2
2
1
2
2
1
1
2
1
1
2
4
1
1
1
1
1
2
2
2
1
1
2
2
3
1
2
1
1
2
2
2
7
2
1
1
1
2
2
2
1
2
4
1
2
2
1
2
2
1
2
2
3
3
1
1
1
1
2
2
1
1
1
2
2
1
2
1
1
2
1
2
1
1
2
1
2
2
1
2
1
1
1
2
4
1
4
3
1
1
2
1
1
1
1
1
1
2
2
5
1
3
1
1
2
1
2
1
1
1
1
2
1
1
2
1
1
4
2
1
2
2
1
2
1
1
2
1
1
3
2
1
1
2
2
2
2
2
1
2
1
2
2
2
2
1
2
2
1
1
1
5
2
2
2
1
2
2
1
5
1


D2 150
1
0
1
1
1
1
1
1
1
0
1
1
1
0
1
0
1
1
1
0
1
0
1
1
1
1
0
1
0
1
1
1
1
1
1
1
1
1
1
1
1
1
1
1
1
1
1
0
1
1
0
1
1
1
1
1
0
1
1
1
0
1
1
1
1
1
1
0
1
1
1
0
0
1
1
0
1
1
1
1
1
1
1
1
1
1
1
1
1
0
1
0
1
0
1
1
1
1
1
1
1
1
0
1
1
1
1
1
0
1
1
1
1
1
1
1
1
1
1
1
1
1
1
1
1
1
1
1
1
1
1
1
0
0
0
1
1
1
1
1
1
1
1
1
1
1
1
0
1
0
0
1
1
1
1
1
1
1
1
1
0
1
1
1
1
1
1
1
1
1
1
1
1
1
1
0
1
0
0
0
0
1
1
1
1
1
1
1
1
1
1
1
1
1
1
1
1
1
1
1
1
1
0
0
1
1
1
0
1
1
1
0
1
1
1
1
1
1
2
0
1
1
1
1
1
1
1
1
1
1
0
1
1
1
0
1
2
1
1
0
0
1
1
0
1
1
1
1
1
1
1
1
1
1
1
1
0
0
1
1
1
1
1
0
1
1
1
1
1
1
1
1
1
0
1
0
0
1
1
1
1
1
1
1
0
0
1
1
1
1
0
1
1
1
0
1
0
1
1
1
1
1
0
1
1
1
0
1
1
1
1
1
1
1
1
1
0
0
1
1
0
1
1
1
1
1
1
1
1
1
1
0
0
1
1
1
1
1
1
1
1
1
1
1
1
0
1
1
1
1
1
1
2
0
1
1
1
0
0
1
0
2
1
1
1
0
1
1
1
0
0
1
1
0
1
0
1
1
1
1
1
0
1
0
1
1
1
1
1
0
1
1
0
0
1
1
1
1
1
1
1
1
1
1
1
1
1
0
1
1
1
0
1
1
1
0
1
1
1
0
1
1
0
0
1
2
1
1
1
1
0
1
1
1
1
1
1
0
1
0
0
1
1
2
1
1
1
1
1
1
1
1
1
1
1
1
1
1
1
1
1
0
1
0
1
1
0
1
1
0
0
0
0
1
1
0
1
1
1
1
1
1
1
4
1
0
0
1
0
1
1
1
1
1
0
0
0
0
1
1
1
0
1
0
1
1
1
1
1
1
1
1
1
0
1
1
1
1
1
1
1
1
1
0
1
1
1
1
1
1
1
1
1
1
1
1
0
0
1
1
0
1
0
1
1
1
1
1
1
1
1
1
1
1
1
1
1
1
1
1
1
0
0
2
0
1
1
1
1
1
1
1
1
1
1
1
1
1
1
1
1
0
1
1
1
1
1
1
1
2
2
1
1
1
1
1
1
1
1
0


D3 150
186
190
167
190
166
177
188
184
179
192
170
185
170
164
191
182
180
178
191
176
188
169
185
164
179
195
193
190
166
164
180
190
171
183
179
193
188
171
168
165
177
191
168
167
164
165
179
194
189
168
195
190
169
176
189
168
191
187
169
180
180
175
190
169
179
167
176
175
169
174
166
164
179
172
179
192
169
169
168
165
193
169
169
168
168
169
166
164
178
188
182
183
166
179
177
188
185
182
168
169
196
180
190
172
184
169
164
181
175
170
180
180
171
178
189
178
171
171
168
164
182
167
178
196
179
192
170
194
186
172
168
175
169
169
189
169
179
181
193
170
169
185
173
180
186
177
184
164
184
168
194
188
171
170
181
178
179
190
169
181
180
197
181
180
180
192
173
175
166
192
167
169
180
181
182
192
175
177
172
175
168
164
179
189
170
166
177
179
177
170
171
168
183
179
191
169
167
196
179
194
177
170
167
175
170
170
171
169
170
167
179
168
170
167
177
173
169
168
170
164
168
183
178
179
167
180
190
173
187
170
165
174
173
169
164
193
171
170
164
182
179
176
170
336
178
169
165
181
169
178
176
185
170
193
192
170
168
180
183
184
195
197
179
177
169
165
179
190
169
178
179
188
195
178
171
178
183
167
168
192
169
167
192
177
171
166
178
167
177
168
167
191
175
166
184
185
170
184
179
179
181
179
191
170
194
170
165
181
183
193
179
176
176
172
170
166
181
193
188
172
165
187
166
170
165
168
170
167
177
167
180
188
186
166
177
175
170
167
183
188
194
168
182
191
168
177
169
167
178
170
171
166
185
182
178
192
164
171
166
192
194
171
180
179
195
190
184
169
187
183
195
189
189
184
178
171
180
176
172
164
194
179
192
177
177
170
169
168
192
170
168
179
178
170
183
194
191
170
180
182
178
169
165
176
176
167
173
170
182
194
196
178
173
182
183
195
192
169
168
197
191
175
168
168
212
190
179
181
179
168
166
181
164
189
167
178
167
168
166
182
179
189
183
168
193
170
167
183
167
176
173
182
175
171
170
168
167
191
197
189
167
182
178
176
183
183
181
176
170
164
192
187
194
188
165
177
171
166
180
190
167
197
168
179
184
180
180
176
181
177
170
175
188
164
179
179
190
167
180
197
190
167
183
192
170
170
183
180
181
191
170
179
170
180
190
169
181
191
166
181
180
183
176
177
168
182
190
169
185
167
175
169
185
169
168
168
178
178
176
165
194
186
166
168
180
171
164
182
172
185
179
190
168
184
178
178
177
179
224
171
164
191
186
168
179
172
170
181
193
177
188
168
168
178
189
168
179
168
177
172
188
170
170
168
187
168
177
167
192
169
194
169
203
176
177
172
168
195
176
166


D4 150
181
180
181
198
181
183
181
182
181
182
182
181
182
181
181
178
181
181
182
181
182
198
183
182
182
200
182
181
183
183
195
182
182
182
182
198
181
181
182
182
183
199
182
182
181
182
182
181
182
182
182
181
182
183
199
182
182
182
181
182
181
198
180
182
182
182
182
183
181
181
184
181
198
197
182
182
200
182
182
182
182
182
182
181
181
182
182
182
182
198
182
182
182
181
181
182
182
183
181
182
182
182
182
198
198
182
181
182
183
200
198
182
182
182
196
182
198
182
182
182
182
198
181
182
183
184
181
182
182
197
184
183
180
182
181
180
199
182
182
200
182
181
182
183
199
197
184
181
182
181
181
184
181
182
197
182
181
182
182
181
181
182
182
182
182
181
182
182
199
182
182
182
182
182
182
182
181
181
196
181
181
182
182
182
182
182
182
182
183
200
182
181
182
182
183
182
182
197
181
182
182
198
181
198
182
182
182
182
182
182
182
184
182
182
182
182
182
198
182
182
182
183
182
178
198
182
182
181
182
182
198
182
182
182
182
200
199
182
198
181
180
182
198
179
180
182
182
184
182
182
183
184
180
179
199
180
183
198
182
183
181
182
184
198
183
181
183
182
182
198
181
182
199
181
198
184
182
182
197
181
184
182
181
182
198
183
182
182
182
198
181
181
182
195
200
182
198
197
182
182
182
184
182
182
199
182
182
182
182
184
182
182
182
181
182
182
196
183
182
182
181
182
182
198
183
182
182
182
182
182
182
182
179
182
182
182
182
181
182
184
198
200
183
182
182
182
199
182
183
182
198
181
199
181
181
182
181
182
181
183
182
181
198
180
199
181
183
184
182
182
181
182
182
180
182
197
182
198
196
183
183
184
182
183
199
200
182
182
182
182
181
181
182
197
182
183
182
181
182
182
182
182
196
199
182
181
168
182
182
184
182
181
182
182
182
182
182
197
182
181
183
197
182
181
182
181
182
182
182
182
181
182
182
182
182
182
180
199
182
183
197
182
182
182
183
198
182
182
181
183
181
183
181
181
181
182
182
182
181
182
182
181
181
198
180
182
182
198
199
182
181
184
181
182
182
181
199
200
183
181
183
181
182
196
201
183
182
181
197
181
181
200
184
182
184
182
181
181
183
182
181
181
197
182
182
181
200
182
182
182
181
181
182
182
182
182
182
182
182
182
181
182
182
181
182
182
182
181
182
181
182
182
182
181
180
183
182
182
181
182
181
199
181
181
182
180
182
182
183
182
182
180
182
182
184
181
182
182
182
181
182
182
182
182
196
199
198
182
182
182
199
182
182
182
182
181
182
181
182
182
181
180
181
196
184
181
181
182
182
199
177
183
199
198
182
181
183
183
181
182


D1 400
1
1
1
1
1
1
1
1
1
1
1
1
1
0
1
1
0
1
2
1
1
1
1
1
1
1
1
1
0
1
1
0
1
0
1
1
1
1
1
1
1
1
1
2
1
0
1
1
1
1
1
1
1
1
1
1
1
1
0
1
1
1
0
1
1
1
1
1
1
1
1
1
1
1
1
1
1
1
0
0
1
1
1
1
1
0
0
1
1
0
1
1
1
1
1
1
1
1
1
1
1
1
1
1
2
1
1
1
1
1
1
1
1
1
1
1
1
1
1
1
0
0
1
1
1
2
1
1
1
1
1
1
1
1
1
0
1
1
0
1
1
1
1
1
1
1
1
1
0
1
1
1
0
0
1
1
1
1
1
1
1
1
1
1
1
1
0
1
1
1
1
1
1
1
0
1
1
1
1
1
1
1
1
1
1
0
1
1
1
1
1
0
1
1
1
1
0
0
1
0
1
1
1
1
1
1
3
1
1
1
0
1
0
2
1
1
1
2
1
1
1
1
0
4
1
1
1
1
1
1
1
1
1
1
1
1
1
1
1
1
1
1
1
0
1
1
1
1
1
0
1
0
1
0
1
0
1
1
1
1
1
1
1
0
1
0
1
0
1
1
0
1
1
0
1
1
1
0
1
2
1
1
1
1
0
1
1
0
1
0
1
1
1
1
1
1
1
1
0
1
1
1
1
1
1
0
1
1
1
1
1
1
1
1
1
1
2
1
1
1
1
1
1
1
1
1
1
1
1
0
1
1
0
1
1
1
1
1
1
1
1
1
3
0
1
1
1
1
1
1
1
1
1
1
1
1
0
1
1
1
1
1
1
0
1
1
1
1
1
1
1
1
1
0
1
1
1
1
1
0
1
1
1
0
1
1
1
0
1
1
1
1
1
1
1
0
1
0
1
1
0
1
1
1
1
1
1
1
1
0
1
0
2
1
0
1
1
1
1
1
1
1
1
1
1
1
1
1
1
1
0
1
1
1
0
1
1
1
1
1
0
0
1
1
1
1
1
1
1
1
1
1
1
0
0
1
1
1
1
1
0
1
0
1
0
2
1
1
1
1
1
2
1
1
1
1
2
1
1
1
1
1
1
1
1
0
1
1
0
1
0
1
1
1
0
0
0
0
1
0
1
1
1
1
1
1
1
1
1
1
1
0
1
1
1
1
1
1
0
1
0
1
1
1
1
0
1
1
0
1
1
1
1
1
1
0
1
0
0
0
1
0
1
0
1
1
1
1
1
1
1
1
1
1
1
1
1
1
1
1
1
1
1
1
1
1
0
0
1
1
1
0
1
1
1
0
1
1
1
1
1
1
1
1
1
0
1
1
1
1
1
1
1
1
1
0
1
1
1
1


D2 400
1
1
1
1
1
1
0
1
0
1
1
1
0
1
1
1
1
1
1
1
1
1
1
1
1
1
0
0
1
1
1
1
1
0
1
1
1
0
1
1
0
1
1
1
1
1
1
1
0
0
1
0
1
1
1
1
1
1
1
1
1
1
1
1
1
1
1
0
1
1
1
1
0
1
0
1
1
1
1
1
1
1
1
1
0
1
0
0
1
1
1
0
0
0
0
1
1
3
0
1
1
0
0
1
1
0
1
1
0
1
1
1
1
1
0
1
0
1
0
1
1
1
1
0
1
1
1
1
1
0
0
1
0
0
1
1
1
0
1
1
1
0
1
0
1
0
1
0
1
1
0
1
1
1
0
0
1
0
1
1
1
0
1
1
1
1
1
1
1
1
1
1
1
0
0
1
1
0
1
1
1
1
1
0
0
1
1
0
1
2
1
1
0
1
1
1
0
1
1
1
1
1
0
1
1
1
1
1
1
0
2
1
0
2
0
1
1
1
0
1
1
1
1
1
1
0
0
0
1
1
1
1
0
1
1
1
0
0
0
0
1
1
1
1
0
1
1
0
1
1
1
1
1
1
1
0
1
1
1
0
0
1
1
1
1
1
1
0
0
1
1
0
1
1
1
1
1
0
1
1
0
1
1
1
1
1
0
1
1
0
1
0
0
1
1
0
0
1
1
1
0
1
0
1
1
0
1
1
0
0
1
0
1
1
1
1
1
1
0
1
0
1
0
1
0
0
1
1
1
1
0
1
2
1
0
0
0
1
0
1
1
1
1
0
0
1
1
1
1
0
1
1
1
1
1
0
1
1
0
0
1
1
1
0
1
1
1
1
0
1
1
1
1
0
1
0
1
1
1
1
0
1
1
1
0
2
0
0
1
1
0
1
1
0
0
0
1
1
1
0
0
0
1
1
1
0
1
0
1
0
0
1
1
0
1
1
0
1
1
1
1
1
1
0
1
1
1
0
1
1
1
0
0
0
1
0
1
1
0
1
1
0
1
0
2
1
1
1
0
1
1
1
1
0
1
1
1
0
1
1
1
0
0
0
0
0
1
1
1
1
1
1
1
1
1
0
1
0
0
1
0
0
1
0
1
1
1
1
1
1
1
0
0
0
1
1
0
1
1
1
1
0
1
0
0
1
1
1
1
1
0
1
1
1
1
1
1
1
1
0
1
1
0
0
1
0
1
1
0
1
0
1
1
1
1
0
0
1
1
0
0
1
1
0
1
0
0
0
1
1
1
0
1
1
0
1
1
1
0
1
0
1
1
1
1
0
1
1
1
1
2
1
1
0
1
1
1
2
1
1
0
1
0
1
0
1
1
1
1
0
1
0
0
1
1
0
1
1
1
0


D3 400
414
420
415
420
414
426
420
415
429
424
434
433
419
412
423
427
428
427
423
423
418
417
417
414
429
425
425
423
415
428
426
423
420
415
427
424
420
419
416
413
427
423
434
415
429
415
427
426
422
415
427
423
417
438
436
434
422
417
415
429
429
424
422
417
429
416
423
424
417
419
431
414
444
420
427
424
420
431
416
414
424
417
415
416
433
417
415
428
426
420
430
416
429
427
424
420
432
415
416
417
429
427
423
435
433
418
428
430
426
421
428
426
420
426
441
441
420
418
416
429
444
416
427
428
430
440
419
426
417
420
417
423
420
419
435
416
430
429
441
437
416
417
422
414
415
428
417
430
431
414
426
422
417
431
429
429
427
423
433
429
428
429
430
428
429
424
420
420
416
424
416
417
429
429
430
423
419
440
419
419
416
414
427
422
420
415
425
441
425
421
419
414
429
426
423
418
444
426
427
425
422
434
416
440
419
418
417
418
419
416
428
418
418
416
423
435
415
416
418
430
432
415
427
442
416
427
423
419
417
417
429
419
420
416
414
440
421
418
414
429
426
419
416
414
426
420
413
415
417
426
439
419
419
423
418
419
417
430
428
418
428
428
444
419
434
414
428
423
415
428
427
420
426
423
421
429
415
429
414
422
421
416
438
425
420
417
428
414
425
417
415
424
419
415
416
416
432
432
427
428
430
443
423
420
425
417
429
429
430
428
427
423
421
418
418
429
428
425
421
419
429
417
414
417
415
416
418
416
425
415
426
421
416
415
426
420
419
417
416
435
427
419
446
423
416
425
418
416
428
419
419
414
418
414
424
421
429
418
430
425
425
420
429
425
427
422
416
417
417
415
428
422
422
414
425
420
430
439
419
414
429
446
437
427
424
421
418
414
424
420
415
429
441
420
415
428
423
417
429
414
426
434
429
425
420
416
415
418
429
428
428
424
418
415
414
428
422
415
417
429
439
420
417
416
427
436
427
429
426
416
413
445
428
422
416
425
415
416
415
429
425
422
415
416
425
420
415
432
416
424
418
430
424
420
417
416
415
422
443
419
416
431
425
435
416
431
430
425
419
430
424
431
426
419
414
426
421
416
429
422
416
424
432
426
417
430
430
422
413
426
419
423
418
414
429
427
421
413
446
428
423
431
429
425
420
417
430
445
445
423
417
425
419
429
423
418
427
422
414
429
443
430
425
422
418
425
422
418
416
415
423
418
416
417
417
415
427
426
421
414
425
416
430
416
444
417
430
415
422
415
426
423
419
416
427
426
420
428
422
418
444
423
416
431
426
421
418
428
438
425
423
417
416
425
419
416
426
418
423
421
422
417
414
414
423
416
425
430
424
419
422
418
417
425
425
419
417
427
420
415


D4 400
448
433
432
434
432
447
432
432
432
433
433
433
432
449
433
433
433
433
433
447
433
433
433
433
448
433
434
432
433
433
432
433
433
432
433
433
433
432
433
433
433
433
433
448
433
433
433
433
447
432
433
432
433
433
433
450
433
433
433
433
433
433
448
432
432
433
433
447
433
433
433
433
432
432
432
433
433
433
433
432
432
432
433
433
448
433
431
432
433
433
433
430
432
432
433
433
433
433
433
433
433
432
433
433
449
447
433
433
432
432
431
433
433
433
434
433
432
433
432
433
433
433
449
432
448
433
433
433
450
447
432
433
432
432
433
433
432
432
450
433
433
432
433
449
433
433
433
432
448
433
432
433
433
433
432
432
433
432
433
433
432
432
433
432
433
433
433
448
433
433
433
433
448
432
432
433
433
432
449
433
433
433
433
432
432
433
448
432
433
432
433
448
432
432
433
433
432
433
432
433
433
433
432
434
449
432
432
433
433
432
448
433
432
430
432
433
433
433
432
433
432
433
433
434
433
432
432
432
433
448
433
432
432
435
447
434
432
432
432
432
433
433
433
435
432
433
433
432
447
433
432
433
433
447
433
432
433
433
434
432
432
433
433
433
433
433
433
447
432
433
433
432
448
433
433
433
433
434
433
433
432
433
433
433
433
433
432
434
433
432
433
447
432
433
433
432
432
433
433
433
432
433
432
433
433
432
433
433
432
432
450
432
434
432
433
433
433
433
432
450
433
433
433
433
433
432
433
433
432
448
432
433
449
433
447
432
432
433
432
433
433
433
436
432
432
433
433
433
448
432
432
432
433
448
433
432
432
433
432
432
433
433
433
432
432
433
433
448
449
433
433
449
447
449
433
449
433
433
433
433
432
433
435
433
449
433
433
432
433
433
432
431
433
432
432
432
448
450
433
432
432
432
433
433
433
432
433
433
449
432
447
433
433
432
433
448
432
433
433
433
433
448
433
432
433
433
433
432
433
448
433
450
434
432
448
432
433
432
432
449
433
430
433
449
432
433
448
433
432
433
433
433
433
447
433
433
433
432
433
433
433
434
432
433
432
432
433
433
432
432
433
432
448
433
448
432
433
447
432
433
432
432
432
432
433
432
433
433
433
433
449
447
433
448
432
449
447
433
433
433
433
433
447
432
432
433
433
433
433
432
432
433
433
432
433
448
433
432
433
432
432
432
432
432
433
432
433
433
433
433
432
433
433
433
447
432
432
432
433
447
428
433
433
432
433
432
432
449
433
433
435
432
433
448
432
433
433
433
447
433
433
433
433
433
433
432
433
433
433
432
433
433
432
432
433
433
433
448
433
433
432
432
432
433
432
433
431
440
433
432
433
448
432
433
432
432
448
433
433
432


D1 1000
1
1
1
1
2
5
1
1
2
1
1
0
3
1
1
1
1
1
0
3
1
1
5
0
1
1
1
0
1
1
0
1
1
0
3
1
1
1
5
1
0
1
1
1
1
1
1
1
0
0
1
1
1
3
2
1
1
1
1
2
1
1
1
2
1
1
1
1
1
1
1
1
0
1
1
0
1
1
1
1
1
1
1
1
3
1
1
1
1
0
1
2
1
1
1
1
1
1
1
1
1
1
1
1
4
1
0
1
5
2
0
1
0
0
0
1
1
1
1
1
1
1
1
1
1
0
1
1
1
1
0
1
0
1
1
1
0
1
1
1
0
1
1
1
2
1
1
2
0
1
6
1
1
1
5
1
1
1
1
1
1
1
1
2
1
1
1
3
1
1
1
1
1
0
1
1
1
0
1
1
2
2
1
1
1
1
1
1
1
0
1
1
1
1
1
1
1
1
1
1
1
0
1
0
1
1
1
6
0
1
1
0
1
1
0
1
1
1
2
1
1
3
2
1
1
4
1
1
1
1
1
1
2
1
1
1
1
1
2
1
1
1
4
1
0
1
1
1
0
1
6
1
1
0
1
1
1
1
1
1
1
1
1
1
1
0
1
0
1
3
1
1
1
1
0
0
2
1
1
0
2
1
1
2
1
1
1
1
1
1
1
1
3
0
1
1
1
0
1
0
1
1
1
1
1
0
0
1
2
1
1
1
1
1
1
1
1
0
1
1
1
1
1
0
1
0
1
1
0
1
1
1
1
1
1
0
1
1
0
1
1
2
1
1
0
0
1
1
1
1
0
0
1
1
1
2
1
1
1
1
1
1
1
2
1
0
1
1
1
1
1
1
1
0
1
1
1
1
1
1
1
0
1
1
1
1
1
1
0
5
1
1
1
1
1
2
1
1
0
2
0
1
2
1
1
0
1
1
1
1
1
2
1
2
1
1
1
1
1
1
1
1
1
5
1
1
1
1
1
1
0
1
0
1
1
1
1
1
1
1
1
0
1
1
1
0
1
1
2
0
1
1
1
1
1
1
0
1
1
1
1
1
2
1
0
0
1
1
5
1
1
0
1
1
2
1
1
2
1
1
1
0
1
1
1
1
1
1
1
1
3
2
1
5
1
0
1
2
1
1
1
0
1
2
1
0
0
2
1
2
2
0
1
1
3
1
0
0
1
1
1
1
1
1
1
1
1
1
0
1
1
1
1
0
1
0
1
0
0
0
1
1
0
1
1
2
1
1
1
0
2
2
0
1
1
1
1
2
1
1
1
1
1
5
1
1
1
0
1
1
1
1
1
0
1
0
1
1
1
1
1
2
1
1
2
1
1
1
1
1
1
1
1
1
2
1
1
1
2
1


D2 1000
1
2
2
1
2
1
0
1
0
1
1
0
0
0
1
1
0
0
1
1
0
2
2
1
0
1
0
1
0
0
1
0
0
1
1
0
1
2
0
0
1
0
0
0
0
2
1
0
1
2
0
1
0
0
2
0
1
1
1
1
1
1
0
2
1
0
1
1
2
1
1
0
0
1
1
0
1
1
1
1
1
1
1
1
1
0
1
1
2
1
2
0
0
0
1
1
1
1
1
0
0
2
1
0
1
1
1
1
2
1
0
0
2
1
1
1
1
1
1
0
0
0
1
1
0
0
1
1
1
1
0
1
1
1
1
0
1
1
0
1
0
1
0
1
0
1
1
1
3
1
0
0
2
2
0
0
1
1
0
1
1
1
0
0
2
1
0
1
1
1
1
1
3
0
0
0
0
0
1
1
1
1
0
0
2
1
1
1
1
1
2
1
2
1
1
2
1
0
1
1
1
0
1
1
1
1
0
1
1
1
0
1
0
1
1
1
0
1
0
1
0
1
1
1
1
0
1
1
0
1
1
1
0
1
1
2
1
1
1
1
2
0
1
0
1
0
1
0
0
1
1
2
0
1
1
0
2
1
2
3
0
1
0
1
0
0
0
1
0
1
1
0
0
1
1
1
2
0
1
1
2
1
1
1
1
1
1
1
1
0
1
1
2
1
1
1
1
2
1
1
0
0
0
1
1
1
1
0
0
0
1
1
1
0
1
0
1
0
1
1
1
1
0
0
1
1
1
1
0
0
1
0
1
1
2
1
0
1
1
1
1
1
1
1
0
0
1
1
0
1
3
1
0
1
2
0
0
0
0
2
0
1
1
0
0
1
0
0
1
1
1
1
1
1
0
1
1
0
1
1
1
2
1
1
1
0
0
0
1
1
0
2
0
1
0
2
0
0
0
2
0
1
1
1
1
1
1
1
0
2
1
1
1
1
1
0
1
2
1
1
1
1
1
1
0
0
2
0
1
0
1
0
2
1
0
0
1
0
0
0
0
1
1
2
0
1
0
1
1
0
2
1
0
1
1
0
1
1
0
1
1
1
1
0
0
1
0
1
1
1
1
0
2
0
1
0
1
1
1
0
0
1
1
0
1
0
1
0
1
0
0
1
0
1
1
0
1
0
2
0
1
1
1
2
0
0
1
1
0
1
2
1
1
1
1
1
0
1
1
2
0
0
0
0
0
1
0
0
1
1
0
2
1
1
1
0
1
1
1
0
2
1
0
2
0
0
0
2
0
1
1
1
0
1
1
1
0
1
1
2
1
1
0
1
1
1
1
1
1
0
1
0
0
1
1
1
1
1
0
1
1
1
1
1
1
1
2
2
2
1
1
0
1
2
1
1
1
1
1
1


D3 1000
1029
1021
1015
1038
1015
1025
1021
1016
1030
1024
1019
1018
1021
1046
1023
1030
1013
1044
1023
1023
1021
1019
1036
1030
1029
1028
1028
1038
1014
1030
1027
1025
1036
1016
1030
1025
1037
1019
1033
1019
1028
1040
1017
1016
1013
1016
1044
1026
1021
1015
1028
1021
1017
1024
1036
1018
1022
1033
1016
1031
1043
1023
1023
1017
1028
1016
1023
1022
1017
1021
1031
1046
1026
1020
1029
1022
1034
1017
1017
1016
1022
1017
1016
1017
1017
1017
1030
1029
1026
1035
1029
1031
1030
1029
1025
1036
1016
1018
1018
1034
1028
1028
1023
1035
1032
1016
1028
1029
1040
1021
1026
1028
1020
1041
1026
1027
1021
1019
1016
1028
1030
1017
1042
1027
1029
1024
1019
1023
1018
1020
1017
1024
1032
1017
1036
1033
1030
1029
1024
1022
1018
1033
1021
1029
1017
1028
1033
1029
1016
1014
1027
1037
1018
1017
1046
1027
1043
1021
1017
1014
1029
1028
1031
1046
1030
1039
1021
1019
1016
1024
1015
1017
1029
1029
1014
1039
1020
1025
1018
1021
1032
1029
1026
1022
1035
1016
1026
1026
1026
1036
1018
1014
1014
1029
1039
1017
1029
1027
1028
1040
1022
1017
1016
1025
1015
1017
1018
1019
1035
1016
1026
1018
1021
1031
1022
1021
1017
1017
1034
1028
1014
1033
1027
1043
1030
1030
1023
1035
1017
1017
1029
1021
1036
1017
1029
1025
1021
1035
1029
1029
1027
1021
1048
1015
1026
1021
1030
1014
1016
1027
1024
1019
1018
1022
1018
1021
1033
1028
1014
1019
1030
1044
1044
1021
1019
1013
1026
1021
1017
1028
1043
1018
1041
1024
1020
1044
1030
1015
1032
1022
1035
1016
1024
1026
1036
1017
1026
1015
1028
1016
1014
1022
1037
1016
1016
1016
1017
1014
1028
1043
1028
1029
1024
1021
1024
1017
1029
1015
1015
1026
1027
1024
1026
1035
1017
1030
1027
1025
1037
1020
1030
1019
1014
1016
1030
1015
1019
1033
1023
1015
1028
1022
1034
1015
1025
1020
1019
1032
1013
1021
1027
1020
1014
1022
1016
1026
1035
1016
1027
1018
1021
1030
1018
1029
1027
1025
1045
1019
1030
1025
1026
1019
1028
1027
1028
1037
1017
1017
1018
1016
1043
1021
1021
1014
1028
1034
1030
1024
1018
1014
1043
1044
1023
1029
1041
1022
1017
1017
1023
1034
1016
1044
1026
1020
1031
1026
1022
1017
1030
1046
1024
1016
1029
1025
1020
1015
1016
1020
1030
1027
1026
1024
1020
1032
1030
1027
1022
1017
1032
1028
1023
1022
1018
1048
1025
1020
1029
1045
1026
1016
1014
1016
1028
1020
1015
1025
1050
1031
1030
1031
1027
1037
1030
1015
1024
1019
1017
1031
1031
1023
1020
1030
1025
1017
1017
1017
1029
1022
1028
1019
1016
1032
1023
1022
1016
1014
1027
1023
1018
1030
1039
1014
1025
1020
1031
1040
1018
1016
1029
1023
1033
1023
1015
1027
1017
1029
1028
1024
1014
1040
1024
1022
1020
1031
1044
1027
1020
1017
1015
1044
1036
1016
1014
1025
1034
1017
1015
1030
1045
1022
1018
1026
1020
1026
1023
1016
1027
1023
1030
1028
1027
1047
1027
1038
1017
1027
1023
1019
1032
1013
1025
1018
1032
1018
1015
1016
1027
1042
1019
1029
1025
1017
1030
1015
1028
1019
1031
1030
1020
1015
1029
1022
1016
1015
1043
1027
1038
1027
1021
1018
1030
1039
1017
1032
1027
1021
1034
1030
1022
1027
1039
1017
1016
1024
1021
1032
1027
1017
1024
1021
1019
1018
1016
1016
1022
1033
1023
1014
1025
1033
1023
1016
1018
1027
1041
1035
1016
1026
1021
1031


D4 1000
1033
1034
1050
1033
1035
1033
1033
1048
1032
1035
1034
1033
1048
1033
1033
1034
1048
1049
1034
1033
1033
1049
1034
1033
1033
1034
1048
1034
1035
1033
1033
1048
1033
1033
1032
1049
1034
1034
1032
1029
1048
1032
1033
1033
1034
1050
1033
1033
1032
1036
1048
1033
1033
1033
1036
1046
1034
1033
1033
1032
1033
1033
1033
1034
1033
1032
1033
1033
1034
1048
1034
1033
1033
1033
1048
1033
1034
1034
1032
1050
1034
1033
1032
1048
1034
1033
1033
1033
1033
1033
1034
1034
1033
1048
1032
1033
1033
1050
1048
1033
1033
1034
1048
1033
1031
1033
1033
1049
1052
1034
1033
1033
1049
1033
1033
1033
1033
1048
1033
1033
1034
1031
1033
1033
1033
1033
1048
1035
1033
1032
1033
1048
1051
1034
1034
1033
1048
1034
1033
1033
1030
1033
1033
1034
1031
1048
1034
1033
1031
1034
1031
1031
1034
1032
1033
1048
1033
1033
1033
1034
1048
1033
1033
1048
1048
1035
1033
1033
1034
1048
1033
1034
1032
1034
1048
1050
1034
1049
1050
1048
1033
1034
1033
1032
1034
1050
1032
1033
1032
1033
1034
1034
1035
1031
1034
1034
1033
1034
1048
1033
1033
1033
1033
1032
1036
1033
1049
1048
1050
1035
1033
1034
1048
1034
1050
1033
1033
1048
1033
1034
1035
1033
1049
1033
1033
1033
1048
1033
1034
1034
1033
1032
1033
1033
1033
1034
1048
1034
1033
1033
1034
1046
1034
1033
1033
1048
1032
1033
1033
1033
1048
1050
1047
1032
1034
1048
1033
1034
1034
1033
1046
1033
1033
1033
1049
1048
1033
1033
1034
1048
1050
1064
1033
1033
1046
1034
1035
1034
1033
1048
1035
1033
1034
1048
1033
1033
1033
1033
1049
1033
1034
1033
1036
1045
1033
1034
1033
1035
1049
1034
1050
1033
1032
1047
1033
1033
1034
1048
1033
1033
1034
1033
1049
1033
1033
1033
1034
1049
1033
1033
1033
1034
1033
1033
1033
1050
1049
1033
1033
1033
1033
1048
1033
1034
1034
1034
1047
1033
1033
1033
1034
1048
1033
1033
1033
1031
1032
1033
1033
1033
1047
1032
1033
1031
1034
1048
1033
1033
1033
1034
1048
1050
1034
1050
1048
1034
1033
1033
1033
1050
1033
1033
1033
1035
1048
1031
1033
1033
1033
1048
1033
1032
1033
1032
1033
1033
1033
1033
1032
1033
1033
1035
1033
1048
1033
1035
1033
1033
1048
1035
1033
1035
1034
1032
1034
1050
1033
1048
1033
1033
1033
1035
1047
1050
1033
1034
1033
1050
1033
1033
1033
1033
1032
1033
1033
1033
1049
1033
1033
1033
1033
1049
1035
1033
1033
1033
1032
1033
1033
1032
1050
1034
1033
1034
1050
1033
1031
1034
1033
1032
1049
1033
1033
1033
1034
1048
1033
1033
1033
1033
1048
1033
1033
1033
1032
1032
1035
1034
1033
1048
1049
1033
1034
1033
1048
1033
1034
1033
1055
1048
1032
1033
1034
1033
1048
1033
1036
1033
1049
1032
1026
1033
1034
1048
1033
1033
1033
1033
1049
1048
1034
1034
1033
1049
1033
1033
1033
1033
1033
1033
1033
1034
1048
1034
1034
1034
1034
1048
1034
1034
1035
1033
1049
1033
1033
1033
1033
1048
1033
1050
1033
1049
1033
1047
1033
1033
1048
1033
1034
1033
1051
1048
1033
1051
1033
1033
1031
1034
1033
1034
1032
1033
1033
1033
1034
1048
1033
1033
1032
1035
1048
1034
1034
1033
1034
1048
1033
1033
1033
1032
1033
1050
1049
1033
1032
1048
1034
1033
1032
1048
1034
1034
1033
1033
1048
1033
1035
1034
1049
1033
1033
1033
1033
1049
1033
1034
1034
1033
1032
1049