D3 1000
1006
999
994
988
999
1013
1002
995
1005
1002
1006
1000
998
992
1000
1010
1003
993
987
1000
1008
1004
995
1001
993
1002
990
1001
998
990
1011
1005
990
988
992
1014
991
998
993
991
1016
992
999
1003
989
1017
1004
996
1001
991
1005
998
991
995
993
1011
997
997
997
1002
1001
989
990
1002
992
1008
1003
1001
992
988
1005
990
1004
1000
997
1007
996
1002
996
996
1015
1000
1000
1001
1000
1015
1004
1005
1003
997
1013
996
1001
991
1004
1008
1001
996
991
1001
1015
1004
1000
998
1000
1007
996
997
997
1001
1015
999
991
998
992
1012
993
992
1001
991
1011
1001
990
993
992
1017
990
995
999
997
1012
1003
994
990
989
1015
1003
995
996
990
1000
996
991
999
1000
1010
993
995
998
997
1007
999
1002
998
990
1002
996
997
994
988
1002
1003
1006
1003
995
1011
1004
993
991
993
1014
991
995
1002
997
1010
1001
995
989
1002
1015
990
1002
990
991
1013
999
996
990
1001
1002
1001
991
1001
1002
1003
991
997
998
998
1002
992
991
991
993
1014
997
995
994
993
1001
1002
991
993
1001
1016
1003
996
999
997
1003
989
992
1001
999
1007
994
1004
988
1000
1003
991
999
992
994
1014
998
991
997
996
1004
996
1001
1002
1003
1010
1003
994
1004
993
1012
1003
992
992
993
1004
993
999
1003
993
1012
996
1000
988
992
1012
992
1002
992
997
999
996
1001
990
994
1003
989
995
1004
996
1002
991
992
1000
1002
1003
1002
992
994
1002
1003
989
1004
991
1003
1008
991
995
988
997
1014
1001
995
995
989
1016
996
995
995
997
1004
1001
1001
1002
993
1017
1004
995
994
998
1010
1000
1000
995
992
1016
995
992
995
997
1003
990
996
997
992
1010
995
1000
997
998
1012
1000
996
1002
995
1014
994
998
996
993
1011
998
989
1000
998
1015
996
989
999
1002
1009
1000
992
992
993
1019
1004
989
999
996
1005
1000
1000
1000
996
1007
998
1001
987
989
1010
989
1002
989
1000
1004
1002
990
1002
988
1016
995
994
994
990
1011
993
994
1001
1000
1007
1001
999
991
1000
1010
995
995
1002
1000
1009
993
1000
996
988
1002
1003
993
996
1000
1012
998
989
1003
1002
1003
992
1006
1003
996
1007
990
1003
990
991
1006
997
988
1005
990
1015
1005
1002
1002
1002
1005
1002
1003
1000
1000
1007
1001
991
998
1001
1005
1002
994
1001
1001
1012
996
995
1004
999
1012
1002
995
1001
993
1015
990
1000
995
995
1007
1005
990
1001
994
1012
993
996
995
989
1017
996
1003
991
991
1008
997
998
995
1002
1009
1006
994
1000
1005
1006
997
990
993
996
1011
1001
999
999
994
1009
996
1004
997
992
1011
1003
991
987
990
1000
1000
990
1001
1003
1017
994
995
1001
1001
1001
1003
993
991
993
1014
1004
998
1003
992
1013
997
996
1004
995
1006
999
991
996
1004
1005
996
1003
1005
1004
1013
1003
1003
993
1004
1006
992
991
997
996
1005
1003
1002
1002
990
1012
999
998
1002
1004
1005
1000
995
992
996
1016
1002
991
999
996
1008
1000
989
991
1000
1000
993
999
991
999
1014
987
996
1000
997