D1 150
8
11
13
12
12
15
11
15
13
20
12
13
5
15
15
15
17
12
10
11
11
6
7
14
19
7
19
7
20
16
20
15
24
18
10
8
11
11
13
8
5
7
15
9
12
8
17
11
17
24
12
14
4
16
13
19
11
16
11
13
18
14
6
18
17
28
5
9
4
11
12
17
10
15
8
6
21
11
24
12
11
14
19
10
5
21
5
12
12
8
17
10
10
17
18
13
15
10
11
15
6
13
11
20
17
5
12
17
17
16
10
13
16
13
17
12
12
15
13
14
23
14
18
19
15
4
5
15
9
9
19
5
19
12
6
16
18
13
7
11
12
6
16
19
18
4
20
21
16
9
8
4
17
11
10
16
14
6
10
6
15
15
17
10
8
14
14
15
14
12
8
18
15
14
6
19
7
22
22
18
20
4
15
15
12
15
19
9
16
12
12
15
13
7
10
6
9
9
7
7
13
14
17
10
9
4
17
6
14
11
15
19
11
9
13
13
20
17
11
20
10
17
16
16
17
18
12
17
12
18
8
5
12
6
5
14
17
13
11
18
11
18
13
6
15
19
15
15
7
16
15
13
10
4
8
4
16
10
9
14
18
23
14
11
14
8
4
5
14
6
10
18
15
13
14
14
16
20
4
13
16
11
8
4
15
12
16
12
9
14
12
18
9
12
9
9
22
6
5
12
14
12
9
9
13
22
15
18
16
16
14
5
15
15
18
6
15
13
13
9
10
22
10
17
20
8
11
11
14
21
14
17
17
17
11
16
5
9
8
8
13
4
8
10
11
6
14
9
11
10
15
15
13
14
11
4
13
10
13
14
14
5
12
14
19
10
17
7
18
5
9
6
13
5
10
6
7
14
8
11
5
19
13
17
16
14
5
13
12
10
12
15
5
7
12
12
13
8
16
19
5
5
9
15
4
16
13
10
17
16
14
9
13
15
13
13
12
14
18
9
16
13
17
18
17
5
13
26
13
15
18
11
15
23
16
9
4
8
9
9
10
18
13
9
11
5
16
19
12
23
12
15
15
17
11
23
9
17
17
21
16
13
11
6
6
21
10
13
8
22
16
10
5
6
7
14
19
13
5
21
21
17
5
5
11
10
14
18
9
15
8
23
14
12
13
12
18
6
18
22
15
11
5
5
6
19
14
8
17
4
16
13
23
4
5
17
12
9
12
5
10
17
6
12
9
15
9
5
16
13
4
13
5
9
12
7
24
14
14
5
13
7
18
15
17
19
12
12
14
18
6
10
17
11
15
10
17
16
20
15
8
18
14
13
9
19
15
19
4
5
23
14
17
10
17
13
15
16
17
13
14
13
10
15
25
5
20
20
9
19
13
3
4
16
16
15
6
14
7
11