D3 400
435
435
428
414
434
408
428
435
415
429
428
420
424
421
424
408
414
429
434
433
421
426
456
433
428
435
427
417
426
435
417
433
409
414
429
411
411
412
408
411
421
423
418
417
434
410
412
405
419
422
406
418
436
427
427
418
432
432
426
424
430
417
418
433
438
432
421
415
426
417
415
414
417
434
424
423
432
432
419
431
429
425
421
419
432
406
429
403
425
435
433
404
436
423
404
430
433
426
433
404
407
417
403
417
432
433
427
424
421
404
417
426
423
418
431
418
433
433
416
417
404
423
431
406
432
434
411
434
425
435
434
421
417
433
426
430
405
417
432
431
433
432
418
412
433
417
433
404
434
433
412
428
417
442
418
434
432
427
418
430
433
416
407
429
412
434
434
400
434
431
434
413
434
432
418
431
407
433
426
420
431
433
432
437
434
430
423
407
405
433
432
431
433
432
417
419
429
428
432
433
417
434
435
416
435
417
402
414
432
431
412
433
417
436
402
407
425
404
433
403
414
436
432
426
432
420
428
404
427
418
449
405
422
433
429
419
417
433
434
434
435
415
409
416
427
410
425
432
432
430
422
432
422
405
432
430
415
430
414
434
434
408
416
417
418
447
408
426
417
431
407
430
410
411
418
431
429
418
431
432
418
433
418
418
417
434
430
434
433
426
433
406
415
424
435
431
416
434
421
432
410
416
433
417
418
418
435
412
434
426
434
428
432
435
434
407
433
420
419
430
426
432
429
433
404
432
428
414
429
420
421
422
429
463
434
421
424
415
407
429
421
432
417
416
431
416
434
425
434
458
433
419
432
427
428
434
417
405
425
427
424
420
430
432
411
429
403
423
423
434
435
432
429
406
433
428
405
429
433
433
427
429
420
418
416
417
411
417
419
433
409
420
415
416
436
434
434
433
411
412
436
418
433
406
404
432
434
432
430
416
433
432
418
418
407
415
416
423
425
427
421
417
406
431
423
431
415
420
425
432
417
432
432
416
433
427
433
406
433
435
426
428
410
428
434
433
428
422
416
407
419
403
433
404
423
427
425
435
420
440
434
434
416
433
419
435
433
425
412
409
433
428
423
428
433
417
420
432
432
450
403
429
430
431
434
430
406
432
433
425
415
433
434
420
433
432
409
409
461
425
425
417
433
417
435
426
405
433
419
432
416
417
432
434
433
412
422
423
417
432
433
408
434
431
415
431
403
461
417
433
434
431
417
429
429
417
433
416
427
417
433
420
407
404
434
407
433
433
432
429
433
433
431
435
432
406
432
416
423
410
434
432
433
421
409
420
420
435
420
417
431
403
423
432
432
432
423
430
434
405
419
433
436
434
433
423
423
432
424
429
433
418
427
428
435
420
420
408
434
433