D4 400
446
444
430
431
429
428
429
445
430
448
446
448
447
431
429
431
447
430
445
446
447
447
445
445
447
429
430
444
430
431
445
431
465
431
430
430
427
428
448
430
430
430
446
431
446
443
432
428
430
444
430
429
432
431
431
427
446
447
429
426
428
466
430
447
445
448
445
428
432
445
445
428
427
431
447
433
433
430
431
447
427
430
429
430
432
429
432
429
444
449
432
445
445
447
429
430
430
446
429
447
465
427
446
429
433
444
446
429
430
447
444
428
428
445
445
430
446
430
429
430
449
448
430
452
447
430
445
447
432
445
427
433
451
429
428
445
446
430
432
451
446
430
427
444
427
430
445
430
429
430
430
444
447
429
429
427
441
448
430
446
430
432
432
430
444
430
447
446
433
428
447
446
449
431
445
429
425
447
428
429
444
446
444
431
424
444
445
428
428
448
429
427
446
430
444
443
446
438
447
442
428
429
445
447
447
429
446
431
430
447
426
431
446
432
428
428
427
428
428
431
446
445
430
430
430
447
447
428
429
445
430
428
449
448
446
429
467
446
430
447
429
430
447
452
464
445
429
430
430
436
446
431
431
431
429
430
449
431
445
430
446
431
427
429
445
467
430
448
431
446
446
432
428
431
443
433
447
443
445
445
427
445
443
428
445
427
426
445
431
432
445
427
444
447
430
446
430
431
431
432
428
448
428
431
479
426
445
428
427
429
430
430
447
430
443
429
427
445
446
447
431
430
444
430
431
447
430
445
428
428
442
430
430
479
431
432
430
443
446
445
427
449
431
430
431
430
428
447
430
429
431
430
448
430
448
431
427
429
430
447
447
430
446
431
430
446
432
430
429
448
429
430
448
444
446
430
446
446
433
432
447
447
446
446
430
443
427
442
446
445
430
427
426
447
445
447
428
428
429
430
430
484
429
428
431
427
445
428
429
427
427
428
427
430
429
446
430
447
428
447
445
430
444
428
447
445
447
443
445
428
432
432
446
428
430
448
444
446
429
431
428
427
428
430
429
446
432
429
430
430
446
447
428
444
447
447
446
444
428
483
430
447
430
448
431
463
430
436
449
432
445
464
430
463
464
447
447
431
430
447
448
430
445
429
430
447
448
431
429
430
430
445
447
447
428
447
446
430
509
429
463
429
429
446
430
430
429
429
428
432
429
445
429
445
428
428
446
447
430
432
430
428
447
429
430
445
431
495
445
427
447
446
429
442
444
431
447
446
432
428
445
431
429
431
448
430
429
430
446
444
430
433
430
430
430
430
431
430
430
447
430
445
448
444
427
431
449
430
431
448
431
431
431
448
432
432
430
431
431
430
448
448
430
429
444
431
430
432
448
431
449
429
447
464
429
431
430
448
429
428