D3 150
178
179
193
162
163
157
160
173
168
169
165
170
164
162
170
161
161
158
160
154
164
173
169
196
155
171
163
185
168
155
169
166
156
183
192
158
173
192
169
161
167
162
169
165
169
158
163
187
181
155
156
168
161
176
161
164
160
160
165
163
167
164
164
169
172
167
161
158
164
174
164
167
163
162
159
160
165
160
169
164
170
183
157
172
172
167
158
156
169
178
167
168
158
160
179
167
166
157
183
167
157
186
184
162
183
160
167
168
156
163
172
164
165
160
164
166
180
186
178
183
159
171
155
154
185
158
166
170
160
164
183
159
158
180
164
156
172
170
171
171
156
165
161
169
172
155
176
168
169
172
161
168
163
161
163
162
164
164
165
189
175
165
169
164
163
160
160
155
173
165
159
162
169
164
161
166
156
164
160
169
162
155
168
169
161
169
158
162
171
166
168
161
163
166
167
168
163
165
169
155
170
163
165
204
168
156
170
156
174
163
170
168
168
159
172
168
160
163
161
166
160
159
156
160
159
160
155
164
158
172
160
164
178
167
160
171
168
164
158
168
164
171
163
166
158
161
156
162
156
179
167
167
165
160
166
172
196
168
168
163
164
169
156
168
170
156
178
160
184
155
156
158
163
154
175
163
162
162
169
193
156
170
169
182
158
178
163
198
173
167
200
156
170
159
166
168
169
164
182
158
157
169
182
170
159
157
181
160
162
155
165
160
157
157
166
161
164
157
180
163
158
159
169
166
166
168
167
161
162
170
178
184
174
170
171
161
158
178
169
171
163
158
160
158
164
178
173
159
169
168
166
166
166
164
171
192
156
168
163
178
180
164
177
166
188
168
167
158
180
175
169
160
162
163
169
166
169
179
165
175
172
161
178
162
156
162
166
165
182
162
158
160
155
167
168
168
160
165
156
163
155
164
162
171
163
163
165
170
159
166
155
159
182
165
171
158
169
154
156
156
168
160
166
161
166
164
155
184
158
177
164
164
168
163
156
170
160
167
159
169
169
168
184
170
169
167
180
163
171
180
159
162
164
165
176
175
171
163
169
157
155
158
156
167
167
186
165
176
159
193
184
166
164
161
166
175
159
179
161
166
184
168
154
163
169
162
163
163
168
164
181
164
160
154
175
176
162
157
164
155
174
163
179
165
171
160
161
160
185
164
155
166
161
165
169
163
162
167
165
158
188
170
166
161
160
161
175
155
169
162
164
163
153
160
165
168
158
180
161
161
162
173
177
162
166
164
158
161
181
171
195
160
159
162
163
176
175
182
170
181
169
166
168
168
165
167
161
161
171
181
196
160
158
159
167
168
154
178
188
168
181
169
177
174
156
166
166
181
166
167
162
157
173
168
159
171
173
186
169
164