D4 150
151
149
149
150
165
180
180
147
149
166
164
150
149
149
165
147
165
164
150
149
146
148
149
150
149
147
148
147
149
149
146
150
181
147
148
146
162
165
150
182
148
182
148
183
150
148
149
148
149
150
181
151
181
150
148
162
181
183
148
149
163
163
146
165
165
148
181
147
148
166
147
148
166
166
165
147
150
164
149
167
163
165
178
149
166
150
163
149
149
150
149
149
147
150
151
150
167
149
149
165
149
148
150
165
150
165
149
148
151
183
147
163
146
181
149
149
149
164
152
150
149
151
168
164
166
163
149
163
149
150
151
149
149
149
161
149
164
149
150
149
162
151
164
164
163
148
165
165
165
149
147
164
162
148
180
164
149
150
181
149
148
148
148
181
149
150
149
164
163
148
163
197
166
167
149
163
150
165
164
166
162
164
166
143
148
147
149
166
149
149
149
161
147
147
178
179
166
149
149
166
164
148
165
149
165
161
168
146
148
166
163
150
147
148
149
179
168
149
148
151
147
151
162
149
165
148
149
165
150
149
147
164
162
151
151
150
149
149
184
149
162
150
167
165
165
165
149
165
166
149
149
149
150
149
151
147
166
165
148
150
148
164
148
166
151
148
151
148
150
149
147
149
164
151
165
148
151
197
148
164
148
148
150
149
149
149
147
164
149
149
166
181
148
149
164
147
148
164
149
149
181
150
164
149
165
164
148
149
165
149
148
184
150
149
148
146
163
148
150
166
163
149
146
149
150
148
148
148
164
149
163
166
149
148
149
166
181
150
149
149
149
151
149
148
148
164
149
148
149
149
163
150
149
165
149
150
165
149
164
164
163
148
163
149
163
167
151
164
149
151
168
149
164
148
148
149
148
151
165
147
151
182
148
183
150
164
149
148
149
164
146
168
149
148
149
163
165
165
184
148
149
165
148
151
147
164
164
162
149
164
166
148
163
150
151
166
151
150
164
165
165
180
166
164
165
165
149
149
150
149
148
150
149
150
165
164
150
164
148
165
164
149
164
149
149
165
150
148
166
150
148
165
163
167
151
149
165
165
148
151
148
148
165
151
165
149
149
164
148
149
166
166
149
148
150
151
163
149
165
149
162
164
164
149
151
161
166
148
165
168
149
151
164
166
164
150
149
167
149
149
150
165
165
167
164
151
151
163
149
148
147
148
149
165
149
149
151
165
149
149
161
150
167
184
148
148
168
149
148
165
164
166
149
149
181
147
150
149
147
181
147
147
146
163
162
150
163
149
149
168
148
182
146
149
182
149
165
149
151
149
162
149
150
149
148
164
164
164
149
150
165
184
148
147
151
148
150
149
150
149
148
148
149
150
150
148
150
148
149
165
149
181
150
149
150
161
150
148
151
150