D1 150
11
10
11
10
7
13
11
12
10
12
10
13
9
12
11
8
11
10
7
11
14
11
11
14
12
13
14
12
12
11
12
11
11
12
9
13
18
10
12
11
10
13
11
13
12
9
11
12
12
13
10
11
15
12
11
10
9
11
12
13
13
8
9
13
12
12
11
11
9
14
11
12
11
12
10
11
11
12
12
10
13
12
12
12
13
18
13
11
10
12
8
13
12
11
9
13
13
14
11
11
13
11
13
12
11
12
10
13
11
13
13
10
9
12
11
11
11
12
12
12
14
11
11
11
11
11
11
12
9
11
12
14
12
11
16
11
11
13
12
12
11
12
10
12
15
10
12
12
12
12
11
12
11
9
12
11
12
11
13
13
10
14
12
12
9
11
12
12
11
13
11
12
11
12
11
11
12
9
9
11
14
13
13
21
7
12
6
9
11
9
11
8
12
21
10
10
8
9
10
10
11
13
12
15
10
12
12
13
14
13
12
11
10
11
12
11
13
13
14
11
12
13
13
12
10
13
13
10
11
13
17
9
23
9
9
11
8
10
13
11
11
14
10
12
14
12
13
10
13
12
11
10
9
12
12
13
11
10
12
13
11
12
12
13
13
11
9
11
12
9
14
13
9
10
7
9
7
8
9
8
10
12
9
12
9
11
11
14
12
11
12
11
11
7
12
12
10
11
11
11
16
13
9
12
11
15
12
12
15
13
11
9
10
11
10
11
10
12
9
10
12
11
11
10
10
11
11
14
11
12
30
11
12
12
12
11
13
10
9
13
12
11
8
12
14
10
13
10
12
11
9
10
12
10
12
12
13
11
12
12
12
11
10
9
13
13
10
13
11
11
11
11
10
10
10
11
12
10
11
27
10
11
11
13
9
7
11
11
12
17
11
10
13
11
12
12
12
10
11
10
8
10
11
11
7
8
11
13
10
11
11
12
11
10
13
10
12
9
13
11
11
8
12
8
9
12
12
12
8
10
10
9
11
9
12
12
9
10
13
12
11
11
11
10
11
11
11
9
25
10
9
10
10
13
10
10
12
11
11
10
10
10
12
9
10
13
10
14
13
12
8
9
10
9
13
10
12
10
11
9
11
11
9
9
10
16
11
17
10
12
9
8
10
8
9
11
8
16
10
11
9
8
9
10
6
10
6
8
11
12
11
11
12
12
13
10
10
11
13
11
13
14
11
10
11
7
13
12
10
8
10
12
12
11
11
12
15
8
9
6
7
10
6
8
8
11
23
6
10
12
9
10
7
10
16
8
9
10
9
10
10
10
11
10
13
9
13
11
10
10
11
10
12
12
11
13
8
11
8
10
10
10
11
12
10
13
10
13
12
14
10
9
11
12
11
20
11
12
10
11