D3 150
203
203
199
181
167
191
177
166
169
153
168
197
227
169
189
238
209
209
227
187
205
223
185
259
202
179
258
171
233
165
178
168
214
171
226
196
250
169
199
174
164
176
203
163
198
166
177
195
201
235
177
221
217
263
220
201
221
222
218
242
158
239
175
211
246
182
199
154
210
222
163
229
176
194
198
170
187
240
192
205
191
201
207
169
231
161
204
195
174
177
189
209
204
172
197
208
200
219
199
201
147
186
187
179
167
207
240
221
195
201
217
216
185
156
179
176
160
207
159
179
166
187
188
193
158
180
197
208
225
234
223
220
177
183
165
216
233
232
215
206
223
224
192
230
215
215
169
169
172
152
211
179
175
229
259
212
243
169
225
157
180
204
240
225
164
160
166
188
230
171
198
217
202
202
226
248
191
210
216
221
181
211
164
187
186
204
179
194
153
252
220
218
200
239
217
188
188
203
208
201
247
251
229
221
187
170
210
205
187
168
205
194
251
205
152
206
223
187
202
184
156
213
183
220
221
174
174
181
181
204
187
204
185
214
223
200
228
189
175
167
185
217
226
198
183
222
265
182
153
218
189
223
193
221
245
154
245
237
172
192
267
168
175
184
170
195
189
167
213
218
171
175
198
186
169
162
189
180
185
231
213
251
210
239
235
241
153
191
236
219
235
209
241
220
218
205
190
236
152
264
254
200
173
207
160
209
169
210
187
210
222
236
207
159
206
242
198
165
191
206
207
172
207
227
185
184
184
234
224
246
216
245
180
193
182
225
204
189
191
250
253
154
171
215
215
187
232
163
176
185
235
215
247
213
186
194
225
207
151
234
209
186
184
225
165
217
218
159
187
219
229
181
209
236
202
284
156
182
190
222
190
176
165
249
232
161
207
281
236
196
180
180
218
256
202
177
220
265
235
174
242
251
224
250
234
247
212
228
240
264
187
225
213
243
250
179
212
262
221
257
214
198
187
285
215
248
239
209
157
226
183
169
192
203
190
220
188
208
238
214
195
226
168
182
218
238
204
227
219
221
154
189
238
219
252
207
203
215
213
216
242
206
191
186
191
196
234
169
200
186
296
209
245
224
211
165
193
228
216
250
178
201
220
191
158
251
223
220
237
175
167
222
197
227
239
181
231
195
217
221
166
223
437
196
237
167
244
210
204
215
226
213
217
191
238
228
182
204
191
207
221
179
228
223
188
206
540
152
207
172
204
202
180
212
228
226
476
194
192
211
233
193
255
242
240
196
566
223
197
239
234
246
201
211
158
255
212
171
211
247
224
217
237
154
198
262
220
273
231
255
184
186
615
183
227
277
250
196
242
229
219
234
177
255
248
165
195
211
239
164
232
191
259
206
216
196
200
257
166
264