D4 150
215
179
179
182
183
260
175
194
178
195
179
195
179
220
245
177
177
175
170
202
198
178
197
171
208
194
169
221
178
234
193
263
177
181
179
178
166
220
177
223
229
202
176
225
178
223
177
197
175
182
225
179
197
186
217
183
193
183
178
177
231
192
186
197
230
197
183
213
193
196
223
197
180
180
182
181
198
177
182
228
210
181
198
194
194
231
215
214
239
194
212
194
229
199
198
181
184
197
199
215
201
180
197
195
230
177
200
198
220
178
195
196
240
315
220
237
264
178
259
205
237
195
177
246
194
187
210
182
178
183
197
178
240
221
236
180
187
215
186
180
195
174
223
179
179
227
245
241
242
204
220
179
325
181
191
192
167
220
168
228
247
178
230
193
228
178
264
244
178
236
179
177
224
240
183
173
196
236
216
177
231
199
208
198
198
181
211
180
181
197
214
199
193
197
182
180
232
199
179
183
199
283
183
213
181
183
199
210
212
232
214
243
183
199
263
179
179
200
172
184
229
170
229
185
198
257
243
211
236
209
247
182
237
184
194
216
181
255
280
213
239
201
182
184
195
171
177
218
244
196
304
195
197
200
179
233
180
175
229
226
188
231
227
228
250
198
212
226
182
195
264
235
235
187
252
172
197
252
215
179
229
195
173
194
182
175
249
197
196
182
180
199
194
182
198
178
194
178
228
187
180
193
245
198
263
193
254
210
204
182
215
183
176
276
180
195
198
228
214
186
193
219
210
218
197
189
201
166
179
228
179
190
198
198
213
191
182
240
186
167
179
274
235
192
181
243
168
238
297
214
195
202
191
199
194
197
178
220
214
196
175
253
251
202
227
186
204
255
228
227
180
277
193
211
230
179
233
254
262
176
176
242
240
190
195
211
175
185
196
290
244
236
171
192
214
254
182
193
178
245
195
198
178
198
192
176
178
199
179
192
260
193
179
195
176
243
172
196
197
186
198
171
181
182
200
192
194
168
266
194
262
231
174
198
194
199
250
183
229
174
229
177
215
208
214
183
197
177
181
213
259
210
174
209
200
180
176
193
188
185
177
191
198
183
234
167
198
247
180
200
175
167
191
178
179
200
179
182
196
170
198
172
200
170
226
197
176
200
204
211
201
180
179
180
179
288
176
244
164
177
239
178
182
169
197
257
193
194
180
234
197
182
192
180
198
175
218
186
185
175
180
180
183
200
211
196
185
231
213
213
194
197
197
180
299
181
211
196
413
227
196
246
179
206
248
234
183
205
215
183
167
191
180
195
726
197
199
245
200
198
216
180
200
278
683
190
187
185
184
179
252
255
237
255
162
170
180
234
194
179
196
188
251
248
163
270
184
227
163
246
196
260
196
228
162
195
220
185
240
190