D1 150
6
13
10
22
15
12
16
10
14
13
15
10
11
17
16
14
17
14
16
10
10
21
4
14
14
19
14
9
15
9
12
16
6
13
9
10
14
8
9
10
9
10
10
9
10
20
10
10
18
29
13
18
15
10
19
14
12
8
20
17
15
6
22
14
4
8
11
10
9
18
13
10
10
8
14
11
10
16
20
15
4
15
19
19
11
13
10
11
16
12
14
10
16
11
11
7
16
13
14
14
12
18
16
9
5
18
12
19
17
11
16
15
9
10
6
15
10
15
15
17
13
12
11
7
16
17
7
12
9
14
8
13
13
21
16
14
12
16
12
6
11
15
15
18
11
8
16
18
13
15
19
19
14
26
16
10
12
16
8
5
10
16
9
14
13
11
23
15
15
12
23
20
12
19
16
8
10
17
16
15
13
11
22
9
9
14
12
8
12
15
16
10
4
9
14
10
16
16
5
15
10
14
13
17
16
15
12
13
16
5
19
11
10
7
15
13
11
15
8
16
17
15
12
8
16
15
16
26
16
26
9
7
16
14
5
5
15
25
9
16
7
8
24
15
26
12
18
16
17
15
11
18
10
15
12
8
15
14
11
14
9
13
15
10
6
9
14
14
9
13
27
21
21
7
16
15
8
13
16
10
9
12
8
13
14
15
12
12
14
15
14
19
11
11
15
9
16
12
10
24
14
7
4
13
13
17
16
18
19
19
15
7
4
5
9
9
10
9
4
12
14
13
14
26
8
10
15
11
8
9
10
12
9
9
13
5
4
12
14
20
17
13
11
14
13
25
13
14
10
16
13
13
5
11
11
6
15
10
10
14
10
21
9
9
7
6
13
15
10
16
12
17
11
16
15
20
17
19
8
13
14
14
20
9
11
15
15
6
14
53
12
16
9
16
15
15
15
13
20
11
8
16
12
19
18
9
8
15
13
14
13
15
16
13
9
17
10
22
17
15
16
14
15
14
11
16
13
9
20
9
10
15
11
13
11
14
16
10
11
6
19
6
23
22
16
14
13
14
14
15
14
6
14
11
17
14
15
16
7
17
17
15
5
13
13
10
12
7
20
5
15
9
10
15
12
12
12
6
23
13
17
10
10
15
13
10
11
12
15
6
18
10
13
9
5
9
15
13
16
12
17
16
18
8
16
10
16
15
10
13
22
10
7
10
12
17
15
14
11
13
12
14
18
15
12
15
13
13
13
14
9
14
15
13
8
20
8
12
22
5
12
17
17
14
7
14
16
12
13
5
11
12
3
4
5
11
9
12
10
14
16
12
16
11
16
12
4
7
14
15
11
10
6
10
10
18
14
17
16
9
5
18
10
16
14
13
14
13
5
12
10
18
14
14
12
12
13
8
15
15