D3 150
151
171
148
150
176
147
154
176
148
151
152
158
178
160
144
152
146
166
152
146
149
160
149
162
167
160
148
150
146
155
158
166
162
163
156
147
154
172
147
145
175
152
161
145
150
162
156
191
156
159
164
160
177
158
169
152
167
167
168
148
157
152
156
163
167
175
152
164
174
149
148
160
148
166
158
149
173
162
147
166
168
145
167
147
164
159
148
150
155
163
166
157
149
162
171
145
157
149
157
167
152
181
161
146
151
159
147
147
150
172
149
156
166
165
172
177
146
147
149
175
161
160
158
159
173
177
159
157
159
156
145
153
151
158
158
172
157
186
167
147
174
156
159
167
148
153
176
146
177
158
162
164
146
168
154
176
170
163
153
162
172
178
162
158
163
161
155
150
145
171
157
161
170
167
167
174
166
160
171
162
174
167
150
149
165
147
154
152
166
177
151
151
173
173
170
174
148
161
156
154
150
147
176
154
152
150
152
151
181
160
179
154
151
161
176
147
163
186
152
160
149
154
159
156
176
174
180
172
189
160
162
166
162
158
163
157
157
175
156
147
162
147
177
176
159
160
177
162
151
159
163
147
162
172
146
161
176
175
146
151
175
173
156
152
172
150
168
166
163
166
145
157
171
147
176
162
151
165
174
163
147
146
151
163
159
150
146
150
158
156
145
162
156
151
153
158
153
153
144
147
160
157
145
162
155
172
167
176
158
147
152
164
153
155
144
150
156
150
160
147
146
160
157
157
165
148
160
160
152
147
164
160
173
156
175
156
170
146
160
170
145
146
162
161
159
145
146
158
164
154
146
144
177
161
171
168
148
171
170
180
155
166
153
153
174
151
156
167
176
174
177
158
159
149
149
159
154
154
175
155
147
145
145
153
156
152
155
147
157
146
149
155
147
178
173
152
154
156
155
168
174
149
152
164
166
151
162
147
164
162
177
149
156
160
175
154
145
160
144
165
163
151
181
148
151
178
149
146
155
161
159
178
148
154
151
149
150
147
161
162
159
147
157
164
166
159
155
161
156
155
175
144
151
163
177
163
155
155
147
177
177
151
165
155
150
146
175
147
172
174
161
160
171
160
146
146
159
156
174
160
174
166
146
156
180
159
151
148
171
150
158
154
165
159
147
154
177
157
159
162
161
173
146
145
169
161
145
156
164
150
160
172
156
171
156
149
157
153
155
166
171
146
174
155
156
150
148
152
163
148
146
151
150
155
151
165
160
153
160
177
161
155
150
148
150
147
158
149
172
190
165
149
165
163
149
157
168
147
148
144
161
149
157
161
146
156
171
157
152
158
160
155
163
157
151
146
147
171
173
146
144
144
149
156
163
149
173
146
163
155
163
160
143
160
171
160
161
160
147
175