D4 150
150
165
165
164
149
165
149
181
165
149
165
148
149
164
148
149
149
148
165
164
165
148
166
165
164
150
149
165
148
164
149
166
180
150
149
164
149
165
165
149
164
149
164
165
149
148
149
164
165
150
150
149
152
149
148
149
180
149
148
182
165
163
165
149
150
166
165
149
148
165
182
165
148
150
181
181
165
182
181
165
182
164
165
165
149
149
164
148
148
149
148
165
182
164
149
150
149
165
164
149
149
147
165
149
164
148
181
148
165
149
149
163
163
164
148
165
164
148
149
165
164
149
165
148
148
149
149
166
148
165
148
148
149
149
149
163
149
164
148
149
148
165
164
165
147
149
164
149
182
148
150
149
148
148
164
165
148
164
165
181
164
164
148
148
149
147
149
164
148
151
148
149
150
149
165
165
165
165
149
148
148
165
148
148
166
165
164
148
165
148
165
165
165
164
151
149
149
165
148
165
167
148
148
165
149
164
165
148
151
148
149
148
182
164
162
148
149
148
165
181
164
164
164
165
149
149
165
150
150
148
148
165
148
149
149
181
149
181
150
165
149
164
149
148
149
149
149
163
151
150
180
149
163
165
148
149
165
149
148
164
165
149
150
148
165
148
149
149
149
148
164
149
149
148
164
166
179
165
165
149
165
164
182
149
148
164
149
181
165
149
165
182
165
181
164
149
166
163
165
166
149
165
181
149
164
148
148
148
149
165
182
148
149
182
149
148
148
164
164
165
182
164
164
165
148
165
164
149
149
148
148
165
164
148
149
149
148
148
148
164
148
148
165
149
147
147
165
164
149
164
165
151
148
164
160
164
149
149
165
149
150
149
149
148
150
148
151
164
164
148
148
164
151
149
165
165
164
165
148
148
150
150
164
148
149
165
149
165
166
165
149
165
181
178
146
148
149
165
149
148
149
164
148
150
149
165
165
164
149
165
148
182
180
149
148
148
165
181
165
165
149
165
149
181
165
165
165
165
166
149
149
165
150
148
148
164
165
164
165
180
149
164
165
148
165
165
162
168
164
149
182
166
181
149
148
166
165
148
149
149
165
166
166
148
149
148
148
164
149
165
149
165
148
165
149
164
165
149
149
148
165
148
148
165
148
148
165
166
165
149
182
149
149
181
148
149
150
164
149
163
160
149
164
148
165
149
148
166
149
150
165
148
165
149
148
149
181
148
151
148
149
165
165
148
165
149
148
149
148
148
149
164
164
149
148
150
149
164
148
165
148
181
148
165
166
148
166
164
164
165
166
165
148
148
165
165
148
165
165
151
165
164
148
149
148
165
148
164
164
148
165
149
148
148
181
166
165
149
149
149
164
164
165
167
164
165
165
166
165
148
148
165
165
149
165
165
149
165
148
148