D3 400
405
415
414
404
410
403
413
413
402
409
415
406
404
413
403
413
407
414
404
416
414
414
401
408
417
403
405
413
403
415
416
417
400
410
402
405
411
406
415
412
405
415
409
402
410
408
403
415
409
406
409
404
408
413
415
417
405
415
415
403
411
413
407
414
408
415
415
406
408
401
413
412
407
413
411
407
416
408
403
402
412
403
412
418
417
402
401
410
416
402
402
410
409
409
414
408
413
416
409
401
401
404
407
403
418
402
414
405
415
404
400
407
416
413
410
402
401
410
412
413
416
411
403
405
413
408
413
409
414
411
409
417
403
405
401
416
411
410
400
406
402
408
407
401
415
413
405
416
412
414
406
410
409
409
402
413
407
416
407
405
414
415
414
407
419
412
409
404
415
409
406
412
409
413
411
415
411
417
412
411
405
402
417
414
404
413
415
417
415
408
407
401
415
404
406
418
410
406
404
418
413
409
402
403
414
417
401
409
414
404
406
416
401
403
410
401
403
401
404
412
408
406
412
405
415
406
405
404
404
404
417
405
402
409
415
404
403
403
403
405
414
407
410
414
403
411
410
405
412
413
415
405
420
408
411
404
403
407
407
408
412
419
407
402
414
408
414
402
403
409
415
406
409
402
407
409
405
410
414
411
413
404
401
407
412
411
404
410
408
406
414
409
405
408
413
413
406
414
414
413
409
403
402
404
411
413
404
405
414
405
410
413
406
415
406
413
403
418
404
415
406
405
402
413
405
403
411
402
413
405
408
403
415
404
404
409
405
401
409
407
415
414
407
416
402
409
410
407
415
414
404
404
408
404
414
406
411
415
415
410
411
414
407
416
410
407
407
402
417
413
409
410
416
415
413
411
406
404
404
416
409
406
406
405
403
413
403
414
401
414
416
415
413
407
412
404
409
409
412
409
409
401
414
411
403
416
404
414
400
402
410
413
409
409
404
414
415
409
414
406
416
417
412
407
401
415
402
413
403
416
417
408
403
405
414
416
409
403
414
405
411
408
410
411
409
402
413
410
415
414
418
413
408
404
403
414
414
415
414
411
410
404
414
413
415
404
412
415
403
403
407
413
415
412
409
415
413
411
412
403
407
410
405
401
408
415
406
402
410
411
411
405
409
409
410
409
405
401
402
403
413
411
409
403
408
416
402
404
403
404
411
415
415
414
410
407
410
405
414
411
406
405
408
405
416
408
400
411
404
408
401
407
415
403
414
408
403
406
411
414
413
415
409
408
419
416
406
414
410
405
402
413
406
405
405
406
416
412
410
406
403
408
410
412
408
414
408
415
404
416
412
412
413
408
415
413
411
409
410
410
407
407
406
418
414
403
410
404
418
405
418
416
416
409
409
406
402
416
401
414