D4 400
400
401
411
400
399
399
399
411
400
400
400
400
411
400
400
399
400
412
399
400
400
399
411
400
400
400
415
414
400
399
400
415
411
399
400
400
414
409
400
400
401
401
412
400
402
400
400
413
416
400
399
399
412
401
400
416
399
411
399
414
399
400
411
402
400
416
400
409
400
401
399
401
410
401
401
400
399
410
415
399
399
399
413
399
399
401
400
413
401
416
415
416
412
417
403
399
399
412
416
416
401
399
411
399
415
401
400
410
400
400
400
402
410
402
401
400
399
413
399
401
400
400
411
400
399
401
399
410
400
400
415
399
412
416
400
401
400
413
399
417
400
415
412
402
403
401
415
412
400
400
416
400
412
400
399
399
401
410
399
399
399
400
413
416
416
400
401
410
418
401
416
400
412
400
400
400
414
411
400
400
403
400
410
400
399
402
400
413
399
399
415
401
411
400
401
399
415
414
415
399
401
415
411
403
400
399
399
412
415
402
400
417
411
402
400
399
402
410
400
400
416
398
410
400
415
401
400
410
399
399
399
400
409
400
416
402
400
410
399
399
400
401
411
402
400
399
399
411
402
415
399
400
411
401
417
399
402
411
399
401
402
416
414
399
416
399
400
411
402
401
399
400
410
399
397
400
400
411
401
400
400
399
411
400
400
400
399
413
400
399
401
399
411
400
399
402
400
413
402
412
416
417
413
401
398
401
414
412
401
398
399
399
413
401
416
400
401
411
415
402
400
413
412
400
401
399
414
411
401
399
399
417
409
401
400
399
402
412
399
415
399
400
411
398
402
416
401
413
401
399
401
400
413
399
400
402
399
413
401
400
399
416
412
399
400
399
400
412
399
414
400
403
411
399
400
399
402
410
401
415
399
415
413
399
415
399
400
410
415
399
401
416
410
399
400
401
400
412
400
416
400
399
412
399
412
417
417
410
401
413
402
398
412
400
416
400
417
411
400
399
401
400
411
399
402
399
401
411
400
417
416
401
412
400
415
401
399
412
400
400
400
399
411
401
400
400
415
412
399
398
399
399
411
400
399
399
416
412
398
399
402
400
412
400
414
399
399
413
399
399
399
400
412
399
401
402
402
411
399
400
400
416
410
400
399
399
401
410
402
401
400
400
411
399
400
400
399
410
400
399
416
399
411
416
400
415
399
413
402
399
400
416
412
402
400
401
417
412
399
416
399
400
412
399
401
401
400
411
400
400
402
399
410
400
399
400
416
413
416
414
400
399
412
399
401
401
399
412
401
399
416
400
411
399
399
402
416
413
402
401
401
399
413
398
402
401
414
411
400
399
403
399
411
400
417
400
415
413
400
400
399
400
410
399
417
400
400
409
401
415
400
415
410
401
415
401
400
410
401
400